54 25 0
98 13 0
142 175 0
112 75 0
94 91 0
60 82 0
73 195 0
84 187 0
105 164 0
120 147 0
132 135 0
154 133 0
153 151 0
138 157 0
126 171 0
111 173 0
97 182 0
94 192 0
117 194 0
131 180 0
141 185 0
156 190 0
147 167 0
172 144 0
196 144 0
190 165 0
171 171 0
164 197 0
174 184 0
188 181 0
191 195 0
161 156 0
172 24 0
141 19 0
143 27 0
154 24 0
143 40 0
130 36 0
119 51 0
108 34 0
115 28 0
127 23 0
127 10 0
116 7 0
116 17 0
88 9 0
90 24 0
77 26 0
65 17 0
42 13 0
80 3 0
65 2 0
56 4 0
22 6 0
11 15 0
2 31 0
18 31 0
18 46 0
4 64 0
31 38 0
35 27 0
45 35 0
53 47 0
76 39 0
69 46 0
96 48 0
89 61 0
109 62 0
87 79 0
75 76 0
69 84 0
48 63 0
45 75 0
35 88 0
26 74 0
34 57 0
47 102 0
64 103 0
13 77 0
51 118 0
37 125 0
28 121 0
24 134 0
17 134 0
11 132 0
2 136 0
121 164 0
18 192 1
25 188 1
40 194 1
39 175 1
45 183 1
60 172 1
56 183 1
45 167 1
62 153 1
73 170 1
73 151 1
84 153 1
84 163 1
93 150 1
93 140 1
97 133 1
91 118 1
106 130 1
101 118 1
106 106 1
114 122 1
118 115 1
124 99 1
131 116 1
140 101 1
149 101 1
159 104 1
157 92 1
165 91 1
169 106 1
178 100 1
187 91 1
186 104 1
198 88 1
197 106 1
23 87 0
