43 196 0
79 197 0
97 183 0
108 165 0
191 177 0
196 134 0
23 146 0
36 131 0
21 123 0
10 125 0
12 113 0
18 107 0
1 104 0
12 96 0
24 98 0
34 97 0
35 109 0
34 117 0
47 124 0
45 113 0
53 113 0
62 110 0
61 98 0
27 83 0
19 86 0
15 72 0
2 84 0
7 56 0
19 46 0
6 37 0
8 27 0
22 20 0
6 16 0
13 13 0
7 2 0
17 32 0
30 29 0
30 39 0
31 50 0
47 52 0
37 64 0
44 71 0
39 80 0
54 93 0
48 92 0
48 81 0
58 70 0
61 81 0
73 83 0
73 69 0
101 69 0
64 60 0
52 60 0
65 47 0
81 47 0
75 36 0
60 31 0
54 19 0
40 17 0
48 4 0
61 2 0
117 28 0
119 10 0
135 3 0
139 23 0
104 14 0
90 12 0
72 10 0
70 20 0
81 14 0
93 24 0
94 33 0
93 46 0
