61 31 0
89 147 0
152 90 0
197 57 0
199 89 0
187 98 0
176 101 0
154 111 0
138 136 0
170 122 0
180 114 0
194 114 0
194 144 0
179 144 0
177 165 0
197 162 0
1 123 0
166 182 0
132 178 0
149 192 0
164 195 0
179 196 0
185 186 0
118 163 0
116 154 0
105 154 0
91 161 0
89 179 0
73 175 0
77 168 0
64 181 0
50 198 0
85 199 0
20 198 0
161 170 0
189 135 0
154 136 0
168 148 0
184 128 0
166 138 0
172 131 0
0 197 1
3 189 1
13 177 1
35 164 1
46 174 1
55 168 1
65 162 1
72 132 1
61 143 1
93 130 1
105 125 1
111 120 1
114 108 1
119 98 1
128 89 1
136 79 1
142 61 1
137 67 1
155 74 1
152 59 1
163 54 1
172 48 1
177 40 1
194 18 1
193 3 1
189 28 1
175 19 1
73 154 1
