188 7 0
170 12 0
152 26 0
149 31 0
139 26 0
129 30 0
134 42 0
121 48 0
125 56 0
121 65 0
124 73 0
116 80 0
116 96 0
116 113 0
120 129 0
127 143 0
196 163 0
198 176 0
197 188 0
188 191 0
184 177 0
178 169 0
182 161 0
170 185 0
172 197 0
161 193 0
162 168 0
152 180 0
133 187 0
141 186 0
140 196 0
120 186 0
122 195 0
145 164 0
132 167 0
129 154 0
121 152 0
114 149 0
104 164 0
115 167 0
105 177 0
96 196 0
96 187 0
85 187 0
72 183 0
71 196 0
61 184 0
39 193 0
29 198 0
29 180 0
30 168 0
41 167 0
54 174 0
32 151 0
36 159 0
22 138 0
16 152 0
22 158 0
4 144 0
3 134 0
2 121 0
12 131 0
14 112 0
28 118 0
36 126 0
45 130 0
44 140 0
51 151 0
56 131 0
68 128 0
78 145 0
81 164 0
90 162 0
90 151 0
93 135 0
101 126 0
106 114 0
108 96 0
84 113 0
85 127 0
104 77 0
91 77 0
92 94 0
81 98 0
73 89 0
65 94 0
82 84 0
77 66 0
105 60 0
71 106 0
64 106 0
4 99 0
13 89 0
7 80 0
16 65 0
23 87 0
23 98 0
37 94 0
35 78 0
45 62 0
52 33 0
57 12 0
40 21 0
32 40 0
20 31 0
4 49 0
6 64 0
12 59 0
48 4 0
68 6 0
79 15 0
99 14 0
104 25 0
112 39 0
97 46 0
86 48 0
77 46 0
121 15 0
141 4 0
157 4 0
125 2 0
107 2 0
24 12 0
12 16 0
6 31 0
43 110 0
66 60 0
69 31 0
48 83 0
65 73 0
194 26 1
182 32 1
165 33 1
153 52 1
146 61 1
143 82 1
135 98 1
130 112 1
135 121 1
145 137 1
157 144 1
170 149 1
180 144 1
146 104 1
153 87 1
189 124 1
193 138 1
195 149 1
135 121 1
159 42 1
1 52 1
1 92 1
4 161 1
9 172 1
13 187 1
11 196 1
