35 43 2
20 22 2
30 25 2
34 4 2
38 18 2
46 20 2
44 9 2
62 36 2
64 42 2
60 59 2
81 59 2
73 46 2
60 71 2
51 75 2
50 61 2
61 87 2
69 85 2
78 84 2
83 89 2
90 82 2
98 78 2
76 75 2
89 55 2
93 60 2
91 68 2
104 61 2
97 39 2
105 34 2
91 25 2
89 14 2
82 5 2
68 3 2
105 4 2
106 14 2
95 6 2
120 3 2
11 4 2
20 9 2
6 26 2
18 33 2
12 31 2
33 34 2
65 77 2
62 114 2
67 120 2
61 101 2
65 195 0
58 179 0
70 182 0
70 166 0
48 197 0
43 185 0
16 197 0
16 182 0
30 174 0
20 166 0
8 153 0
24 144 0
12 122 0
4 111 0
15 104 0
33 114 0
40 123 0
49 139 0
51 104 0
47 93 0
34 93 0
22 89 0
18 77 0
25 63 0
39 68 0
24 46 0
5 48 0
48 33 0
55 19 0
66 16 0
84 32 0
124 43 0
141 38 0
122 15 0
137 5 0
174 4 0
165 16 0
161 27 0
177 29 0
179 18 0
189 25 0
194 34 0
186 47 0
175 42 0
164 48 0
158 59 0
165 75 0
156 87 0
134 60 0
118 63 0
118 78 0
121 86 0
136 83 0
141 95 0
145 109 0
156 107 0
142 124 0
153 121 0
158 130 0
155 141 0
159 154 0
181 144 0
181 127 0
192 120 0
182 110 0
168 118 0
168 103 0
183 93 0
195 102 0
198 84 0
186 78 0
198 51 0
192 3 0
106 121 0
125 105 0
109 107 0
111 90 0
98 100 0
92 124 0
78 124 0
61 140 0
83 148 0
91 158 0
108 152 0
106 136 0
105 192 0
94 186 0
114 174 0
129 165 0
139 157 0
136 182 0
159 179 0
167 171 0
174 160 0
185 170 0
195 158 0
191 183 0
159 192 0
199 168 0
1 151 0
1 140 0
6 142 0
2 130 0
2 185 0
4 174 0
13 62 0
3 70 0
3 11 0
27 196 0
