19 174 0
33 137 0
58 139 0
63 151 0
74 154 0
78 164 0
91 174 0
88 159 0
97 164 0
68 172 0
41 182 0
41 197 0
53 188 0
67 192 0
3 186 0
86 191 0
104 177 0
131 194 0
114 194 0
136 174 0
123 175 0
118 158 0
133 161 0
169 193 0
162 173 0
176 174 0
181 185 0
193 158 0
196 192 0
185 197 0
182 129 0
188 114 0
185 147 0
173 148 0
153 149 0
142 148 0
165 130 0
156 130 0
143 125 0
119 135 0
105 149 0
106 130 0
98 143 0
96 123 0
90 133 0
83 116 0
75 107 0
108 89 0
145 64 0
57 63 0
59 73 0
29 41 0
47 164 0
14 42 0
9 29 0
20 30 0
20 4 0
65 12 0
87 4 0
78 29 0
86 49 0
135 26 0
147 39 0
162 35 0
175 34 0
124 52 0
104 74 0
114 80 0
89 87 0
82 71 0
63 41 0
53 42 0
39 47 0
31 63 0
35 75 0
50 81 0
39 106 0
49 93 0
59 103 0
69 87 0
98 94 0
108 104 0
160 53 0
157 66 0
163 83 0
176 72 0
179 90 0
166 96 0
194 102 0
190 99 0
177 112 0
80 138 0
47 34 0
37 28 0
5 13 0
120 3 0
126 8 0
93 34 0
94 20 0
103 117 0
131 100 0
163 161 0
194 138 0
196 127 0
193 67 0
185 44 0
17 166 0
55 127 0
47 122 0
96 198 0
16 127 1
15 116 1
22 107 1
19 101 1
19 89 1
17 78 1
10 64 1
10 135 1
10 147 1
6 157 1
5 165 1
197 29 1
193 17 1
189 4 1
131 128 0
