137 6 2
144 23 2
163 6 2
131 140 0
115 140 0
176 126 0
5 30 0
9 190 0
26 193 0
3 198 0
41 188 0
68 197 0
136 193 0
158 177 0
154 186 0
106 180 0
37 65 0
55 135 0
185 63 0
191 111 0
82 14 0
69 10 0
53 9 0
39 5 0
25 22 0
10 17 0
2 8 0
18 40 0
7 47 0
9 61 0
36 32 0
43 18 0
70 34 0
58 30 0
60 55 0
70 49 0
39 45 0
21 65 0
33 72 0
49 64 0
85 50 0
85 64 0
78 74 0
97 69 0
115 72 0
135 93 0
112 98 0
74 108 0
77 99 0
70 92 0
64 82 0
50 94 0
42 81 0
16 78 0
10 90 0
24 92 0
8 107 0
13 129 0
5 139 0
13 143 0
4 157 0
23 149 0
34 137 0
28 121 0
31 111 0
46 117 0
56 121 0
70 141 0
54 148 0
44 165 0
26 162 0
11 175 0
71 124 0
79 115 0
94 117 0
104 128 0
108 111 0
116 116 0
135 108 0
139 126 0
123 132 0
106 146 0
88 145 0
74 151 0
86 158 0
85 169 0
74 182 0
57 158 0
50 171 0
105 165 0
125 159 0
134 154 0
150 142 0
158 149 0
175 141 0
152 101 0
159 114 0
163 123 0
184 97 0
133 69 1
132 54 1
122 63 1
114 53 1
132 41 1
146 76 1
151 64 1
159 51 1
174 44 1
179 34 1
178 22 1
194 31 1
194 22 1
197 4 1
100 19 1
112 29 1
122 25 1
