23 11 0
11 2 0
8 15 0
2 24 0
4 34 0
4 46 0
13 56 0
19 50 0
15 35 0
4 70 0
25 70 0
45 84 0
56 70 0
62 111 0
69 87 0
68 74 0
73 58 0
82 91 0
99 99 0
116 95 0
108 94 0
123 93 0
145 95 0
125 80 0
113 78 0
96 77 0
97 63 0
105 53 0
119 54 0
127 56 0
136 62 0
142 71 0
150 77 0
161 76 0
187 75 0
184 64 0
173 65 0
163 58 0
190 44 0
175 42 0
162 43 0
144 51 0
138 39 0
126 39 0
113 37 0
80 36 0
89 39 0
98 38 0
105 29 0
93 20 0
75 10 0
110 19 0
116 8 0
104 1 0
127 7 0
139 15 0
158 16 0
158 1 0
169 3 0
182 3 0
196 5 0
182 14 0
171 28 0
187 30 0
199 22 0
151 37 0
139 199 0
156 199 0
