140 7 0
179 12 0
176 32 0
194 76 0
183 76 0
148 48 0
88 30 0
64 2 0
1 16 0
5 70 0
16 81 0
24 91 0
28 72 0
6 97 0
13 107 0
15 134 0
41 104 0
37 122 0
55 91 0
87 80 0
81 89 0
129 77 0
144 66 0
157 75 0
1 153 0
2 171 0
11 182 0
22 186 0
11 161 0
30 158 0
28 149 0
23 138 0
42 131 0
51 131 0
7 198 0
34 195 0
51 197 0
43 177 0
59 191 0
60 178 0
64 168 0
60 149 0
81 153 0
77 178 0
73 186 0
83 193 0
92 198 0
87 178 0
84 166 0
96 171 0
92 138 0
100 155 0
107 164 0
106 186 0
102 198 0
115 198 0
108 127 0
121 127 0
131 121 0
130 101 0
144 117 0
161 98 0
163 110 0
176 129 0
158 127 0
167 135 0
185 133 0
1 121 0
199 104 0
184 149 0
149 153 0
137 137 0
122 148 0
132 162 0
125 175 0
128 194 0
140 190 0
141 174 0
156 181 0
163 191 0
154 198 0
177 190 0
160 160 0
170 170 0
180 175 0
182 163 0
192 187 0
1 170 0
199 144 0
62 128 0
118 161 0
