77 93 1
93 90 1
93 114 1
96 126 1
110 133 1
127 138 1
135 149 1
132 170 1
129 181 1
43 98 1
28 104 1
6 124 1
8 149 1
9 161 1
4 173 1
10 186 1
123 194 1
106 196 1
35 197 1
15 196 1
168 66 1
184 69 1
198 60 1
137 67 1
145 49 1
102 74 1
112 71 1
158 89 0
150 100 0
169 106 0
192 92 0
186 102 0
150 131 0
165 132 0
176 127 0
171 144 0
155 149 0
158 167 0
153 178 0
162 186 0
157 199 0
184 181 0
177 171 0
176 159 0
193 144 0
199 131 0
190 122 0
199 110 0
196 171 0
197 183 0
130 83 1
108 105 1
119 118 1
109 92 1
