5 3 0
6 11 0
3 22 0
26 52 0
16 47 0
42 26 0
27 34 0
16 70 0
21 84 0
4 88 0
27 100 0
16 100 0
67 110 0
58 112 0
73 86 0
74 77 0
86 62 0
67 45 0
71 30 0
50 1 0
76 12 0
93 9 0
97 0 0
113 11 0
119 25 0
96 32 0
84 37 0
103 64 0
104 78 0
118 76 0
66 54 0
118 50 0
134 50 0
156 71 0
144 58 0
157 56 0
174 58 0
183 47 0
190 37 0
170 41 0
167 22 0
154 30 0
140 37 0
137 16 0
135 6 0
149 17 0
164 7 0
183 9 0
197 9 0
198 52 0
193 62 0
198 90 0
189 79 0
176 76 0
162 85 0
183 100 0
190 126 0
198 131 0
178 134 0
165 112 0
153 112 0
138 107 0
149 98 0
143 78 0
114 101 0
112 115 0
116 126 0
104 130 0
86 129 0
90 118 0
101 138 0
103 107 0
89 94 0
135 135 0
129 136 0
129 130 0
152 141 0
65 142 0
40 132 0
33 120 0
15 112 0
25 149 0
30 165 0
44 107 0
73 125 0
48 118 0
192 161 0
198 156 0
176 164 0
163 160 0
154 159 0
157 166 0
181 186 0
177 193 0
197 185 0
167 182 0
160 198 0
143 194 0
134 179 0
131 172 0
106 180 0
99 174 0
103 191 0
80 163 0
53 161 0
45 169 0
62 177 0
62 196 0
39 193 0
37 185 0
19 180 0
22 163 0
5 163 0
6 151 0
6 139 0
120 182 0
110 164 0
8 189 0
