27 8 0
3 4 0
2 21 0
9 28 0
11 42 0
31 23 0
43 23 0
24 36 0
65 10 0
84 9 0
94 13 0
103 23 0
109 13 0
134 10 0
156 10 0
70 50 0
61 50 0
50 50 0
47 63 0
31 62 0
28 69 0
8 62 0
17 80 0
25 90 0
39 83 0
55 79 0
70 72 0
80 75 0
92 65 0
102 42 0
119 29 0
126 40 0
149 32 0
155 59 0
153 81 0
121 69 0
112 71 0
104 61 0
103 80 0
98 93 0
81 95 0
60 95 0
46 104 0
42 117 0
29 106 0
24 121 0
10 105 0
2 109 0
1 123 0
18 143 0
36 136 0
46 141 0
32 157 0
57 165 0
20 173 0
10 175 0
6 199 0
28 193 0
38 176 0
50 193 0
73 190 0
63 187 0
87 193 0
90 169 0
75 164 0
66 146 0
69 177 0
100 197 0
115 187 0
121 191 0
128 198 0
127 174 0
138 166 0
144 155 0
155 174 0
174 173 0
194 169 0
189 190 0
197 192 0
175 143 0
137 134 0
137 150 0
148 124 0
160 115 0
140 94 0
143 102 0
101 112 0
115 114 0
83 127 0
71 115 0
80 147 0
63 132 0
48 130 0
59 114 0
112 95 0
119 82 0
124 95 0
44 164 0
58 27 0
9 87 0
121 157 0
96 151 0
120 138 0
