99 199 1
108 198 1
112 192 1
120 184 1
133 197 1
144 192 1
127 174 1
115 164 1
121 157 1
142 169 1
134 154 1
132 142 1
135 120 1
141 103 1
154 104 1
143 111 1
150 116 1
159 124 1
153 130 1
145 135 1
149 143 1
152 152 1
147 158 1
158 190 1
161 173 1
150 93 1
162 91 1
183 106 1
163 113 1
174 115 1
171 125 1
167 135 1
163 142 1
166 153 1
161 163 1
170 172 1
171 180 1
170 189 1
175 198 1
185 197 1
180 186 1
193 186 1
193 176 1
181 173 1
177 162 1
175 153 1
184 126 1
179 137 1
184 150 1
190 140 1
195 158 1
190 167 1
113 174 1
7 3 0
19 13 0
31 3 0
45 9 0
28 23 0
4 27 0
10 43 0
22 46 0
26 60 0
14 68 0
1 62 0
4 83 0
7 96 0
11 109 0
1 117 0
8 134 0
21 102 0
24 89 0
41 87 0
36 67 0
34 37 0
59 25 0
47 22 0
42 44 0
71 31 0
83 26 0
69 14 0
82 9 0
74 0 0
104 10 0
94 21 0
85 43 0
96 35 0
97 45 0
98 54 0
80 57 0
68 54 0
57 49 0
51 66 0
55 82 0
71 70 0
88 65 0
113 47 0
112 31 0
115 16 0
113 1 0
119 26 0
120 34 0
134 17 0
133 32 0
134 48 0
145 43 0
154 49 0
157 32 0
156 20 0
152 5 0
171 16 0
183 1 0
187 13 0
184 27 0
197 20 0
199 6 0
179 38 0
167 39 0
168 60 0
154 64 0
153 79 0
168 79 0
198 49 0
190 59 0
181 55 0
135 63 0
122 59 0
114 75 0
131 72 0
136 80 0
119 86 0
98 72 0
86 77 0
70 86 0
53 100 0
42 113 0
30 110 0
18 122 0
24 133 0
11 149 0
25 156 0
22 143 0
16 157 0
31 165 0
7 170 0
0 181 0
11 185 0
16 194 0
28 190 0
46 175 0
53 165 0
60 160 0
44 150 0
52 126 0
61 108 0
76 100 0
85 87 0
100 90 0
126 99 0
122 114 0
120 126 0
120 141 0
113 135 0
101 133 0
105 143 0
93 146 0
93 160 0
96 171 0
96 179 0
87 180 0
92 188 0
80 194 0
75 186 0
64 194 0
58 185 0
51 187 0
68 172 0
69 160 0
70 151 0
66 142 0
59 141 0
69 121 0
85 110 0
93 121 0
107 105 0
111 120 0
80 146 0
79 170 0
