195 33 0
191 25 0
90 25 0
84 16 0
78 3 0
80 49 0
88 46 0
81 59 0
85 61 0
69 78 0
59 78 0
64 92 0
68 105 0
86 128 0
90 108 0
90 85 0
80 144 0
81 174 0
103 123 0
116 115 0
122 126 0
98 136 0
112 91 0
102 82 0
104 93 0
109 72 0
117 61 0
128 83 0
140 90 0
128 110 0
138 132 0
139 159 0
111 192 0
134 180 0
133 191 0
157 159 0
176 142 0
179 162 0
180 172 0
155 183 0
144 196 0
159 83 0
165 73 0
180 51 0
177 64 0
191 55 0
185 73 0
192 87 0
173 92 0
163 105 0
162 117 0
149 105 0
170 128 0
145 145 0
106 9 0
118 21 0
110 32 0
115 44 0
132 55 0
146 7 0
134 4 0
154 50 0
164 33 0
176 27 0
180 14 0
174 3 0
170 198 0
182 191 0
