23 4 0
33 16 0
40 4 0
54 68 0
54 50 0
52 34 0
60 24 0
46 20 0
58 10 0
35 34 0
70 42 0
83 48 0
70 68 0
74 60 0
72 84 0
64 95 0
56 104 0
46 128 0
57 140 0
60 128 0
68 114 0
80 106 0
84 94 0
88 82 0
98 66 0
110 62 0
120 64 0
128 72 0
156 75 0
27 82 0
32 92 0
20 98 0
94 182 0
82 185 0
134 154 0
149 156 0
143 146 0
105 162 0
91 168 0
70 150 0
71 132 0
96 44 0
124 12 0
138 4 0
156 11 0
138 38 0
137 55 0
146 63 0
146 68 0
114 82 0
127 84 0
139 92 0
131 108 0
98 118 0
85 130 0
154 144 0
122 165 0
162 148 0
179 80 0
198 66 0
196 75 0
196 87 0
138 112 0
142 116 0
170 94 0
177 94 0
190 104 0
164 126 0
46 115 0
14 44 0
22 60 0
171 64 0
157 62 0
197 42 0
172 36 0
160 36 0
179 15 0
184 33 0
135 136 0
126 130 0
166 112 0
