2 153 0
9 162 0
2 176 0
8 188 0
19 183 0
36 176 0
49 183 0
42 190 0
61 191 0
20 195 0
185 185 0
197 187 0
192 197 0
30 165 0
4 36 1
5 51 1
16 37 1
16 54 1
26 40 1
27 53 1
37 50 1
52 42 1
48 56 1
60 59 1
68 50 1
83 41 1
83 54 1
85 71 1
99 60 1
94 82 1
111 65 1
110 76 1
110 90 1
127 74 1
130 82 1
144 84 1
145 100 1
155 108 1
140 117 1
154 119 1
162 128 1
162 134 1
167 144 1
171 153 1
159 161 1
157 174 1
129 170 1
140 194 1
9 110 1
3 101 1
25 101 1
7 127 1
15 134 1
29 127 1
46 106 1
47 125 1
58 125 1
44 147 1
61 142 1
76 142 1
98 155 1
76 160 1
78 178 1
89 183 1
93 190 1
106 184 1
122 192 1
170 190 1
60 19 2
136 31 2
129 42 2
191 172 2
146 174 1
36 2 2
62 3 2
111 7 2
