37 6 0
74 9 0
87 23 0
102 29 0
110 19 0
110 34 0
64 30 0
57 16 0
51 38 0
41 23 0
26 16 0
14 15 0
13 32 0
7 39 0
24 27 0
31 39 0
20 46 0
128 28 0
138 48 0
152 50 0
130 62 0
121 50 0
104 50 0
93 44 0
75 38 0
80 54 0
68 57 0
4 54 0
6 67 0
14 56 0
26 66 0
32 53 0
32 78 0
40 68 0
53 63 0
59 73 0
52 82 0
41 88 0
33 96 0
18 95 0
7 94 0
2 105 0
25 117 0
10 108 0
10 127 0
10 145 0
22 140 0
37 134 0
35 112 0
49 98 0
65 93 0
75 101 0
75 79 0
81 69 0
89 63 0
58 48 0
142 24 0
156 7 0
189 4 0
198 10 0
182 13 0
171 24 0
185 24 0
185 35 0
188 49 0
196 60 0
186 66 0
175 76 0
172 60 0
167 53 0
161 48 0
157 28 0
153 62 0
154 79 0
146 87 0
126 87 0
115 66 0
95 57 0
105 68 0
99 74 0
90 88 0
101 93 0
114 82 0
118 96 0
117 107 0
104 108 0
85 109 0
78 118 0
59 118 0
50 131 0
66 136 0
107 121 0
130 111 0
146 111 0
145 100 0
166 90 0
172 111 0
197 101 0
196 125 0
186 135 0
176 146 0
164 140 0
155 130 0
148 141 0
135 125 0
147 121 0
121 133 0
107 136 0
94 139 0
94 157 0
111 167 0
102 173 0
122 192 0
115 179 0
132 176 0
133 189 0
128 157 0
130 147 0
141 153 0
152 165 0
167 161 0
171 170 0
152 155 0
143 168 0
186 170 0
197 155 0
196 172 0
189 188 0
163 185 0
156 194 0
182 197 0
35 150 0
23 155 0
15 162 0
22 175 0
34 169 0
47 148 0
56 158 0
70 150 0
82 146 0
83 158 0
81 167 0
85 179 0
72 179 0
66 174 0
55 184 0
93 187 0
98 193 0
106 186 0
116 198 0
71 197 0
58 197 0
37 184 0
26 186 0
20 188 0
8 187 0
15 197 0
3 156 0
2 144 0
2 26 0
124 6 1
135 3 1
105 4 1
93 3 1
199 65 0
198 26 0
176 180 0
