2 148 0
3 164 0
12 162 0
42 148 0
4 187 0
6 196 0
17 179 0
25 194 0
20 189 0
34 182 0
33 168 0
48 171 0
49 191 0
58 157 0
69 154 0
70 169 0
72 185 0
82 162 0
97 147 0
94 164 0
91 179 0
109 140 0
107 154 0
105 164 0
109 172 0
106 194 0
130 182 0
128 197 0
141 194 0
146 183 0
157 195 0
168 196 0
166 183 0
158 174 0
157 157 0
128 158 0
138 148 0
144 137 0
124 137 0
127 126 0
144 108 0
160 138 0
170 132 0
184 151 0
196 135 0
186 129 0
163 113 0
196 110 0
183 102 0
180 88 0
166 75 0
179 66 0
198 93 0
197 72 0
187 51 0
179 38 0
199 17 0
199 32 0
199 53 0
170 170 0
187 171 0
83 192 0
78 198 0
2 115 1
5 129 1
11 109 1
22 94 1
23 112 1
29 123 1
41 115 1
45 100 1
54 114 1
71 119 1
84 103 1
102 114 1
107 102 1
107 88 1
108 78 1
109 65 1
111 57 1
111 46 1
121 42 1
134 50 1
133 33 1
148 35 1
158 34 1
165 28 1
174 22 1
178 9 1
137 6 1
130 19 1
119 11 1
111 22 1
170 2 1
