21 193 0
103 192 0
169 192 0
193 194 0
127 187 0
125 197 0
138 191 0
2 172 0
155 115 0
9 60 0
20 67 0
23 77 0
6 49 0
7 41 0
16 34 0
8 21 0
18 17 0
14 6 0
34 5 0
41 16 0
55 10 0
64 9 0
73 17 0
74 33 0
65 27 0
65 47 0
52 30 0
44 34 0
31 26 0
30 44 0
25 51 0
41 52 0
37 60 0
51 61 0
83 38 0
85 51 0
94 30 0
102 34 0
113 39 0
85 14 0
111 18 0
122 43 0
133 42 0
110 52 0
100 57 0
81 73 0
67 76 0
51 90 0
62 92 0
120 11 0
132 4 0
152 9 0
151 24 0
140 29 0
165 39 0
185 23 0
185 40 0
189 53 0
173 59 0
159 56 0
140 51 0
129 66 0
141 66 0
113 65 0
124 100 0
130 93 0
143 78 0
146 93 0
158 81 0
188 70 0
174 81 0
190 100 0
176 100 0
181 120 0
192 139 0
191 155 0
160 102 0
144 109 0
123 115 0
110 114 0
114 90 0
103 86 0
102 106 0
93 103 0
78 97 0
73 107 0
90 115 0
56 111 0
53 132 0
38 126 0
23 125 0
15 118 0
25 108 0
6 109 0
6 90 0
17 95 0
7 141 0
19 147 0
11 158 0
26 159 0
34 149 0
42 143 0
55 149 0
62 153 0
66 135 0
72 125 0
79 142 0
90 140 0
94 155 0
107 144 0
111 130 0
128 139 0
117 156 0
106 169 0
113 184 0
123 171 0
132 154 0
139 146 0
148 138 0
163 128 0
165 138 0
173 151 0
169 168 0
151 155 0
143 171 0
154 186 0
15 172 0
5 188 0
27 183 0
41 171 0
68 172 0
77 158 0
85 174 0
85 187 0
73 190 0
54 188 0
41 191 0
168 3 0
33 88 0
191 166 0
168 12 0
196 127 0
7 78 0
15 84 0
