192 146 1
195 162 1
194 189 1
197 127 1
192 131 1
28 195 0
7 195 0
5 180 0
8 167 0
20 155 0
7 136 0
16 101 0
17 86 0
10 77 0
4 61 0
10 43 0
19 17 0
8 16 0
2 9 0
13 4 0
36 20 0
30 45 0
21 37 0
18 59 0
31 70 0
37 91 0
51 99 0
67 95 0
54 86 0
42 76 0
54 63 0
65 72 0
81 60 0
67 55 0
79 44 0
79 35 0
74 17 0
54 37 0
50 12 0
98 11 0
85 3 0
108 18 0
122 3 0
183 3 0
197 5 0
190 17 0
179 17 0
186 31 0
195 46 0
199 63 0
185 63 0
177 73 0
155 84 0
150 95 0
139 87 0
188 87 0
1 92 0
178 90 0
166 104 0
176 114 0
188 104 0
190 118 0
198 112 0
175 127 0
176 163 0
185 192 0
180 178 0
171 183 0
165 198 0
159 188 0
141 187 0
131 180 0
125 175 0
131 154 0
150 147 0
168 147 0
156 126 0
141 122 0
145 109 0
127 121 0
130 132 0
118 139 0
110 138 0
95 131 0
110 125 0
111 117 0
90 122 0
76 133 0
84 142 0
94 147 0
115 156 0
110 166 0
88 188 0
108 192 0
91 175 0
71 165 0
60 155 0
44 169 0
55 188 0
69 196 0
77 174 0
67 183 0
36 145 0
44 125 0
34 111 0
55 139 0
69 120 0
28 129 0
41 55 0
64 45 0
36 3 0
60 81 0
69 66 0
28 100 0
7 126 0
42 188 0
141 139 0
77 110 1
74 84 1
77 97 1
91 59 1
98 40 1
110 30 1
118 21 1
136 14 1
89 113 1
105 110 1
119 105 1
132 91 1
144 75 1
170 46 1
165 55 1
171 10 1
