151 192 0
143 185 0
131 172 0
122 159 0
105 151 0
89 145 0
88 139 0
65 140 0
39 138 0
21 146 0
11 135 0
2 129 0
14 127 0
8 113 0
12 98 0
0 94 0
5 77 0
19 84 0
30 93 0
41 98 0
44 119 0
50 128 0
66 125 0
89 128 0
81 126 0
104 134 0
106 143 0
121 146 0
136 156 0
143 172 0
153 177 0
175 188 0
158 164 0
135 133 0
124 128 0
98 107 0
72 112 0
58 104 0
184 190 0
177 176 0
77 95 0
68 93 0
65 80 0
30 68 0
13 62 0
2 55 0
16 46 0
2 37 0
7 6 0
22 24 0
33 40 0
34 52 0
49 60 0
51 39 0
66 57 0
66 68 0
74 69 0
86 72 0
94 59 0
85 50 0
81 38 0
97 42 0
96 29 0
63 33 0
74 24 0
60 19 0
81 14 0
69 3 0
50 6 0
36 5 0
97 19 0
102 11 0
115 2 0
128 27 0
122 35 0
115 61 0
104 68 0
131 68 0
138 47 0
141 32 0
145 66 0
130 95 0
122 85 0
119 92 0
127 108 0
143 100 0
155 106 0
156 100 0
166 103 0
178 101 0
194 97 0
177 115 0
162 123 0
151 127 0
170 137 0
170 148 0
184 168 0
189 156 0
181 151 0
188 139 0
184 124 0
197 124 0
197 159 0
195 173 0
195 190 0
199 146 0
193 110 0
159 152 0
171 163 0
86 102 0
98 79 0
159 48 0
167 55 0
159 66 0
157 75 0
161 86 0
152 86 0
171 71 0
183 63 0
186 50 0
184 76 0
197 81 0
197 61 0
170 30 0
182 17 0
190 9 0
158 3 0
165 11 0
155 25 0
144 18 0
22 105 0
35 113 0
57 2 0
107 39 0
111 52 0
170 89 0
148 121 0
114 123 0
137 195 1
125 197 1
119 185 1
111 180 1
102 171 1
94 162 1
85 172 1
72 157 1
62 162 1
49 164 1
29 171 1
17 172 1
12 177 1
4 190 1
12 162 1
27 192 1
39 151 1
83 182 1
134 184 1
59 198 1
83 198 1
