38 197 0
47 185 0
58 192 0
21 190 0
11 189 0
7 196 0
9 154 0
2 155 0
18 134 0
34 170 0
31 145 0
47 153 0
57 132 0
75 136 0
89 135 0
98 120 0
106 110 0
98 99 0
91 89 0
76 93 0
50 102 0
42 120 0
34 116 0
27 115 0
34 132 0
22 98 0
14 98 0
13 79 0
24 83 0
31 86 0
44 88 0
35 71 0
58 87 0
55 58 0
51 43 0
51 33 0
47 28 0
35 23 0
30 35 0
37 49 0
23 52 0
11 64 0
13 39 0
11 13 0
20 6 0
31 2 0
42 12 0
45 4 0
54 7 0
55 16 0
68 17 0
82 18 0
74 8 0
67 3 0
102 36 0
96 26 0
75 59 0
90 66 0
102 64 0
110 74 0
121 81 0
109 89 0
130 99 0
121 112 0
144 103 0
156 102 0
175 112 0
176 102 0
189 101 0
192 122 0
194 137 0
198 107 0
170 92 0
158 81 0
163 67 0
143 71 0
137 55 0
119 45 0
119 59 0
80 32 0
95 5 0
106 12 0
116 4 0
123 17 0
131 2 0
150 6 0
147 19 0
149 30 0
151 45 0
174 36 0
172 48 0
192 59 0
196 26 0
174 15 0
168 8 0
4 106 0
2 97 0
2 81 0
1 5 0
2 173 0
189 88 0
134 78 0
174 63 0
196 77 0
70 31 0
63 43 0
79 199 1
68 193 1
84 187 1
101 191 1
118 189 1
84 166 1
95 165 1
91 151 1
103 145 1
110 135 1
126 137 1
134 119 1
143 130 1
147 120 1
142 149 1
154 143 1
163 131 1
162 154 1
181 144 1
178 158 1
171 162 1
164 176 1
167 184 1
183 171 1
187 184 1
196 176 1
193 159 1
194 198 1
