12 12 0
20 29 0
27 24 0
38 25 0
17 43 0
4 31 0
28 5 0
46 3 0
51 16 0
53 30 0
48 38 0
32 52 0
10 58 0
15 73 0
28 78 0
30 65 0
4 82 0
47 56 0
58 46 0
45 73 0
57 67 0
72 39 0
76 31 0
67 17 0
79 18 0
79 2 0
100 17 0
89 6 0
98 32 0
88 46 0
124 8 0
126 18 0
146 10 0
129 31 0
114 37 0
122 57 0
171 32 0
158 33 0
176 17 0
189 34 0
185 46 0
191 58 0
198 63 0
198 75 0
195 89 0
179 83 0
166 77 0
167 54 0
153 51 0
135 58 0
142 67 0
153 76 0
145 99 0
130 103 0
118 84 0
107 81 0
109 61 0
96 72 0
82 69 0
73 79 0
62 77 0
140 84 0
158 89 0
186 105 0
194 123 0
178 124 0
175 115 0
158 123 0
146 115 0
146 136 0
131 143 0
115 134 0
124 118 0
110 112 0
97 117 0
88 102 0
106 98 0
81 116 0
77 133 0
70 98 0
62 102 0
50 88 0
49 107 0
35 104 0
23 93 0
20 113 0
5 110 0
4 98 0
33 118 0
51 124 0
41 135 0
32 148 0
22 135 0
11 125 0
3 137 0
11 152 0
24 166 0
37 164 0
51 154 0
52 167 0
54 179 0
58 196 0
71 180 0
39 193 0
25 194 0
28 179 0
10 187 0
13 197 0
85 176 0
81 190 0
90 156 0
122 155 0
97 178 0
96 194 0
111 195 0
124 188 0
135 196 0
144 181 0
153 169 0
163 179 0
170 196 0
143 160 0
162 160 0
166 150 0
179 136 0
179 152 0
188 162 0
174 173 0
187 180 0
191 188 0
185 198 0
197 173 0
198 7 0
93 84 0
109 147 0
73 158 0
133 172 0
