166 62 0
164 47 0
149 57 0
155 92 0
152 102 0
138 109 0
119 114 0
102 106 0
83 127 0
92 137 0
90 158 0
75 159 0
68 136 0
54 142 0
47 129 0
41 119 0
50 119 0
45 99 0
55 99 0
34 105 0
31 139 0
21 130 0
8 138 0
14 160 0
26 156 0
35 160 0
46 162 0
53 177 0
24 172 0
10 176 0
4 190 0
23 185 0
44 190 0
61 165 0
93 169 0
82 171 0
80 189 0
93 184 0
20 90 0
29 83 0
45 70 0
41 87 0
57 81 0
63 66 0
54 60 0
39 58 0
33 47 0
26 60 0
3 85 0
20 41 0
20 18 0
35 10 0
38 27 0
53 19 0
56 28 0
64 25 0
82 12 0
76 30 0
59 51 0
76 49 0
84 43 0
98 27 0
81 68 0
85 87 0
81 100 0
65 103 0
108 70 0
101 81 0
110 55 0
99 51 0
100 41 0
117 31 0
130 30 0
124 51 0
158 22 0
144 28 0
125 10 0
148 7 0
170 6 0
172 16 0
182 4 0
180 29 0
197 54 0
186 88 0
186 96 0
5 37 0
9 7 0
3 25 0
199 24 0
20 197 0
96 198 0
130 199 1
134 193 1
138 178 1
130 171 1
126 162 1
138 159 1
152 148 1
163 171 1
173 170 1
174 184 1
197 183 1
188 192 1
192 118 1
181 120 1
164 118 1
