10 1 0
3 1 0
11 19 0
7 36 0
2 48 0
24 32 0
38 30 0
40 6 0
47 24 0
58 12 0
66 22 0
79 4 0
97 19 0
84 30 0
93 35 0
85 45 0
75 53 0
66 51 0
61 40 0
37 66 0
30 41 0
10 84 0
2 100 0
6 114 0
1 174 0
39 153 0
45 141 0
26 100 0
35 101 0
31 87 0
45 84 0
56 87 0
60 104 0
58 121 0
72 114 0
85 110 0
84 65 0
111 36 0
115 17 0
124 25 0
137 6 0
144 0 0
129 1 0
170 3 0
180 3 0
191 0 0
190 24 0
164 31 0
153 29 0
140 30 0
136 21 0
180 44 0
199 46 0
189 57 0
171 53 0
158 53 0
152 58 0
158 62 0
169 66 0
179 69 0
188 77 0
199 70 0
170 78 0
163 89 0
148 97 0
143 107 0
138 88 0
134 111 0
118 107 0
123 90 0
113 90 0
103 89 0
97 98 0
79 190 0
45 199 0
99 192 0
112 186 0
114 167 0
172 134 0
134 170 0
161 167 0
187 169 0
199 176 0
195 191 0
197 199 0
185 183 0
168 174 0
159 179 0
151 196 0
167 193 0
182 197 0
