14 82 1
27 84 1
26 71 1
21 53 0
36 52 0
28 37 0
19 44 0
9 31 0
18 26 0
6 23 0
10 10 0
24 5 0
24 13 0
24 20 0
37 21 0
31 15 0
42 11 0
56 3 0
62 11 0
72 4 0
85 20 0
79 27 0
78 35 0
60 26 0
61 39 0
71 46 0
70 58 0
47 60 0
48 41 0
52 71 0
48 80 0
52 92 0
67 78 0
67 90 0
88 71 0
92 76 0
85 84 0
78 101 0
71 98 0
70 112 0
82 111 0
100 101 0
100 111 0
108 84 0
118 71 0
112 33 0
127 18 0
128 33 0
148 26 0
143 59 0
135 81 0
124 79 0
151 91 0
156 73 0
160 96 0
161 121 0
145 118 0
148 137 0
127 123 0
108 123 0
102 131 0
96 121 0
89 121 0
82 132 0
93 157 0
104 148 0
92 183 0
83 181 0
148 166 0
152 166 0
137 159 0
142 155 0
127 163 0
122 169 0
125 173 0
136 169 0
125 186 0
130 184 0
133 181 0
144 177 0
139 186 0
155 182 0
170 184 0
170 164 0
166 158 0
158 196 0
198 29 0
90 46 0
83 56 0
141 100 0
58 63 0
33 71 0
122 25 0
103 177 0
0 81 0
58 183 1
54 173 1
60 160 1
56 153 1
55 145 1
54 136 1
53 121 1
46 117 1
43 100 1
10 146 1
17 138 1
11 127 1
9 120 1
3 112 1
21 93 1
12 66 1
4 56 1
15 186 1
23 195 1
5 188 1
20 153 1
