4 33 0
9 17 0
20 3 0
40 4 0
56 2 0
50 11 0
76 28 0
64 30 0
85 31 0
93 12 0
104 6 0
104 16 0
132 5 0
140 5 0
150 4 0
167 3 0
167 10 0
188 24 0
196 15 0
142 23 0
126 41 0
137 54 0
114 57 0
127 34 0
70 70 0
72 76 0
77 88 0
70 92 0
19 101 0
39 113 0
60 102 0
53 148 0
25 178 0
57 196 0
75 193 0
60 178 0
59 167 0
70 161 0
80 173 0
90 161 0
85 146 0
96 151 0
112 147 0
95 190 0
114 186 0
132 193 0
145 195 0
108 170 0
117 170 0
148 168 0
147 186 0
144 118 0
126 94 0
125 79 0
100 89 0
102 112 0
117 107 0
118 123 0
104 134 0
166 134 0
177 110 0
153 142 0
157 135 0
124 143 0
126 154 0
125 110 0
133 165 0
110 128 0
