18 95 0
13 108 0
24 115 0
32 99 0
38 110 0
15 132 0
6 120 0
70 137 0
47 123 0
40 139 0
43 156 0
33 160 0
23 176 0
13 175 0
60 186 0
80 161 0
88 156 0
94 149 0
91 136 0
100 128 0
106 116 0
91 118 0
77 80 0
95 78 0
83 71 0
91 48 0
72 49 0
64 63 0
76 61 0
39 61 0
47 74 0
27 34 0
16 42 0
37 16 0
57 5 0
54 25 0
71 27 0
85 28 0
84 40 0
92 36 0
106 41 0
114 23 0
128 30 0
118 50 0
127 50 0
124 64 0
114 62 0
133 72 0
129 81 0
133 91 0
121 102 0
112 101 0
120 114 0
123 123 0
122 134 0
117 148 0
105 145 0
110 159 0
96 176 0
135 146 0
150 138 0
164 146 0
166 121 0
175 117 0
187 110 0
180 99 0
159 99 0
155 86 0
170 81 0
171 71 0
178 60 0
181 66 0
193 50 0
195 61 0
193 43 0
168 50 0
158 62 0
161 42 0
168 24 0
178 21 0
146 21 0
154 9 0
137 12 0
129 3 0
116 5 0
187 8 0
164 8 0
195 21 0
180 138 0
192 131 0
188 144 0
175 151 0
163 159 0
152 156 0
149 169 0
147 178 0
164 176 0
170 177 0
180 171 0
194 168 0
127 191 0
126 174 0
109 185 0
99 187 0
80 184 0
83 7 0
96 6 0
139 31 0
193 81 0
191 93 0
177 91 0
198 73 0
188 27 0
163 188 0
190 183 0
190 197 0
177 197 0
5 5 0
138 56 0
198 111 0
188 115 0
145 95 0
198 101 0
82 96 0
75 110 0
48 175 0
25 186 0
25 126 0
