2 46 0
14 58 0
69 63 0
92 55 0
132 18 0
176 22 0
162 22 0
159 43 0
137 63 0
126 63 0
137 74 0
173 68 0
161 62 0
178 10 0
196 72 0
164 95 0
159 105 0
195 93 0
193 105 0
78 167 0
94 170 0
135 199 0
153 196 0
145 188 0
130 186 0
132 180 0
137 168 0
126 161 0
145 158 0
158 153 0
162 134 0
190 134 0
193 169 0
195 196 0
17 49 0
162 118 0
12 140 1
3 141 1
2 147 1
1 167 1
2 120 1
20 133 1
28 130 1
25 112 1
40 120 1
39 103 1
50 97 1
59 100 1
66 90 1
75 101 1
83 97 1
94 96 1
102 93 1
105 96 1
112 99 1
119 95 1
121 115 1
127 99 1
136 108 1
141 110 1
141 95 1
94 194 1
83 195 1
