99 34 0
62 184 1
50 198 1
67 198 1
74 191 1
78 178 1
90 183 1
103 182 1
83 195 1
95 195 1
105 195 1
115 176 1
122 187 1
118 197 1
133 190 1
133 176 1
149 190 1
142 197 1
152 199 1
171 197 1
186 194 1
21 178 0
12 160 0
20 147 0
33 145 0
69 158 0
77 159 0
119 162 0
114 139 0
140 160 0
184 175 0
199 154 0
176 143 0
180 121 0
154 129 0
152 118 0
140 121 0
145 112 0
151 101 0
167 86 0
165 77 0
176 64 0
185 57 0
188 32 0
175 46 0
153 42 0
147 57 0
141 50 0
147 30 0
159 30 0
138 23 0
148 7 0
137 11 0
100 2 0
28 2 0
18 47 0
17 60 0
2 67 0
68 13 0
93 11 0
103 14 0
111 25 0
116 10 0
127 17 0
127 27 0
130 45 0
110 44 0
58 83 0
66 85 0
51 127 0
84 115 0
93 104 0
101 105 0
87 94 0
94 86 0
92 79 0
106 75 0
117 56 0
116 72 0
128 81 0
111 64 0
142 77 0
143 88 0
156 85 0
133 103 0
118 104 0
115 88 0
103 93 0
114 115 0
