0 24 1
4 10 1
10 1 1
64 162 1
58 172 1
62 180 1
70 186 1
74 194 1
66 199 1
86 197 1
98 193 1
107 197 1
122 194 1
124 178 1
137 173 1
143 169 1
153 167 1
161 165 1
168 161 1
180 163 1
182 155 1
194 152 1
199 149 1
150 0 1
134 5 1
117 9 1
105 12 1
107 24 1
108 38 1
82 39 1
86 50 1
70 54 1
60 75 1
43 75 1
51 83 1
64 87 1
43 105 1
51 98 1
41 117 1
23 135 1
25 154 1
10 162 1
10 147 1
2 139 1
35 137 1
13 176 0
57 135 0
61 116 0
77 83 0
96 83 0
103 66 0
120 55 0
139 40 0
149 40 0
139 50 0
147 49 0
161 35 0
173 43 0
189 37 0
195 26 0
172 10 0
184 8 0
177 15 0
177 64 0
186 63 0
167 71 0
159 70 0
152 74 0
144 69 0
128 75 0
110 78 0
105 104 0
92 112 0
93 126 0
130 126 0
142 142 0
163 141 0
164 98 0
161 110 0
169 89 0
182 87 0
184 101 0
139 89 0
148 86 0
127 103 0
199 126 0
115 50 0
159 89 0
85 155 0
93 165 0
