42 198 1
54 196 1
52 185 1
51 172 1
61 168 1
67 161 1
72 155 1
83 151 1
91 145 1
102 140 1
114 135 1
121 130 1
128 131 1
137 129 1
148 126 1
157 122 1
166 121 1
173 131 1
179 118 1
191 117 1
196 131 1
198 115 1
169 198 1
177 191 1
190 186 1
198 185 1
112 57 1
121 66 1
151 62 1
159 56 1
169 54 1
179 45 1
189 32 1
154 31 1
157 73 1
187 63 1
117 45 1
101 51 1
96 43 1
112 33 1
98 31 1
120 30 1
125 39 1
108 68 1
110 20 1
100 13 1
103 4 1
115 5 1
120 13 1
130 6 1
149 14 1
166 22 1
152 7 1
159 3 1
183 131 1
7 177 2
4 170 2
38 174 2
44 143 2
47 157 2
20 139 2
57 146 2
72 138 2
14 102 2
23 107 2
56 87 2
59 99 2
30 59 2
16 30 2
1 54 2
2 66 2
90 117 2
84 127 2
63 122 2
45 122 2
72 108 2
108 98 2
101 77 2
136 85 2
175 99 2
165 96 2
