6 3 0
33 9 0
12 41 0
9 62 0
24 66 0
16 84 0
43 81 0
30 99 0
15 107 0
2 128 0
25 132 0
22 139 0
20 149 0
2 174 0
2 163 0
9 177 0
34 173 0
37 188 0
50 159 0
46 143 0
37 148 0
60 146 0
59 136 0
71 122 0
74 102 0
74 109 0
69 99 0
57 96 0
81 94 0
81 84 0
81 73 0
117 60 0
126 49 0
100 46 0
52 37 0
75 21 0
67 12 0
50 7 0
95 121 0
100 103 0
70 193 0
64 197 0
53 180 0
75 176 0
89 173 0
96 178 0
144 188 0
145 165 0
137 132 0
109 125 0
128 111 0
143 107 0
181 178 0
161 140 0
152 141 0
125 141 0
120 154 0
111 159 0
97 168 0
134 166 0
139 197 0
156 183 0
161 173 0
194 162 0
175 161 0
167 129 0
167 116 0
160 107 0
171 106 0
111 16 0
93 30 0
148 17 0
181 6 0
151 6 0
124 22 0
190 41 0
152 43 0
152 58 0
147 68 0
142 74 0
137 84 0
127 75 0
159 62 0
167 69 0
164 92 0
174 93 0
189 92 0
180 70 0
190 104 0
197 112 0
95 128 0
70 66 0
70 53 0
48 25 0
78 7 0
23 7 0
152 26 0
170 48 0
189 19 0
113 76 0
81 132 0
111 103 0
