152 74 0
172 73 0
60 59 0
68 78 0
73 89 0
40 95 0
33 121 0
11 145 0
2 125 0
53 130 0
51 140 0
63 127 0
68 136 0
70 151 0
83 156 0
54 157 0
96 121 0
112 127 0
132 82 0
122 79 0
187 97 0
197 94 0
195 108 0
130 96 0
145 98 0
156 87 0
177 89 0
167 96 0
196 132 0
193 142 0
186 125 0
187 181 0
194 192 0
180 198 0
175 185 0
172 166 0
186 151 0
137 149 0
131 137 0
121 154 0
131 172 0
139 183 0
146 196 0
156 180 0
151 166 0
124 182 0
114 186 0
93 175 0
86 185 0
72 182 0
63 182 0
57 171 0
70 168 0
44 175 0
53 196 0
37 186 0
41 160 0
29 151 0
18 172 0
26 191 0
9 173 0
92 133 0
12 195 0
59 197 0
133 116 0
149 117 0
153 130 0
165 122 0
165 153 0
