16 0 0
1 23 0
30 15 0
25 19 0
15 32 0
4 39 0
18 44 0
24 51 0
16 55 0
22 59 0
15 64 0
8 75 0
8 90 0
12 101 0
7 116 0
27 70 0
40 79 0
52 87 0
39 94 0
43 97 0
37 62 0
53 49 0
52 26 0
60 33 0
62 47 0
70 33 0
89 35 0
99 33 0
104 38 0
93 45 0
111 50 0
114 39 0
123 46 0
123 17 0
127 14 0
133 2 0
145 1 0
176 4 0
187 0 0
197 7 0
193 12 0
142 25 0
153 32 0
160 18 0
170 15 0
181 13 0
166 24 0
198 21 0
194 26 0
195 35 0
197 47 0
194 61 0
193 74 0
192 83 0
182 82 0
180 73 0
182 63 0
182 56 0
169 44 0
172 66 0
163 72 0
164 56 0
145 62 0
128 67 0
123 75 0
116 70 0
114 86 0
100 87 0
86 88 0
70 79 0
19 119 0
8 134 0
1 141 0
3 147 0
13 152 0
18 178 0
5 194 0
7 173 0
31 179 0
99 98 0
99 103 0
99 109 0
145 90 0
154 93 0
144 96 0
139 108 0
163 101 0
170 119 0
197 176 0
186 171 0
178 173 0
157 162 0
160 180 0
151 178 0
146 192 0
132 194 0
128 179 0
135 182 0
127 146 0
122 130 0
119 121 0
102 130 0
96 138 0
105 143 0
112 142 0
120 154 0
117 164 0
102 159 0
89 165 0
89 174 0
92 185 0
95 195 0
81 187 0
76 176 0
75 149 0
68 130 0
60 111 0
47 123 0
44 118 0
32 118 0
30 129 0
23 143 0
28 145 0
29 155 0
57 165 0
47 173 0
56 178 0
63 185 0
27 198 0
