158 183 1
159 197 1
181 192 1
177 176 1
186 165 1
181 141 1
150 136 1
189 131 1
182 113 1
170 106 1
157 99 1
174 91 1
154 84 1
175 73 1
152 89 1
162 66 1
149 64 1
140 52 1
153 42 1
163 48 1
152 33 1
153 21 1
145 21 1
100 25 1
94 17 1
88 30 1
76 29 1
69 40 1
66 61 1
31 88 1
30 66 1
42 64 1
58 70 1
20 64 1
9 46 1
19 32 1
33 32 1
25 48 1
14 19 1
24 15 1
38 21 1
46 34 1
51 13 1
59 24 1
60 38 1
48 45 1
39 47 1
53 55 1
68 21 1
76 3 1
91 3 1
64 3 1
50 3 1
194 57 0
193 47 0
190 19 0
180 13 0
167 6 0
198 9 0
