31 136 1
20 140 1
24 146 1
12 154 1
4 143 1
3 170 1
160 3 0
76 4 0
48 6 0
26 109 0
2 116 0
12 96 0
6 85 0
33 101 0
30 94 0
22 91 0
2 73 0
10 65 0
2 45 0
1 32 0
8 25 0
7 14 0
23 8 0
37 13 0
63 13 0
84 26 0
40 26 0
36 38 0
44 47 0
33 54 0
27 45 0
22 54 0
19 73 0
32 76 0
41 67 0
49 60 0
60 59 0
65 42 0
71 53 0
78 59 0
82 65 0
104 59 0
110 68 0
129 70 0
149 49 0
175 29 0
179 48 0
189 89 0
176 90 0
157 121 0
160 110 0
143 114 0
131 106 0
129 94 0
121 83 0
113 100 0
100 91 0
89 91 0
82 90 0
82 103 0
72 107 0
49 93 0
40 90 0
53 79 0
77 78 0
65 141 0
56 147 0
50 153 0
34 175 0
41 177 0
37 192 0
46 183 0
61 163 0
72 169 0
55 177 0
67 184 0
58 196 0
85 184 0
93 155 0
87 134 0
75 129 0
71 154 0
97 174 0
95 167 0
105 152 0
103 131 0
108 119 0
128 118 0
120 133 0
140 139 0
151 135 0
132 154 0
159 153 0
170 154 0
187 143 0
175 160 0
183 166 0
198 171 0
196 187 0
192 177 0
176 191 0
159 191 0
159 177 0
157 166 0
141 165 0
116 169 0
105 183 0
134 194 0
146 179 0
149 193 0
129 180 0
99 198 0
143 104 0
29 22 0
79 146 0
154 144 0
