3 198 0
8 171 0
12 152 0
5 140 0
4 120 0
18 123 0
28 108 0
47 109 0
55 106 0
54 91 0
47 127 0
39 133 0
26 152 0
32 165 0
37 161 0
23 181 0
32 177 0
47 161 0
38 196 0
56 185 0
67 183 0
76 177 0
81 168 0
86 157 0
100 163 0
77 198 0
89 188 0
93 196 0
103 184 0
109 189 0
112 198 0
131 195 0
125 185 0
125 175 0
135 151 0
135 176 0
142 191 0
146 195 0
162 197 0
171 195 0
177 182 0
195 194 0
195 157 0
197 144 0
181 152 0
179 164 0
150 171 0
159 162 0
167 153 0
154 144 0
174 141 0
175 127 0
174 117 0
181 121 0
197 105 0
197 91 0
186 87 0
184 107 0
173 102 0
166 84 0
134 72 0
123 70 0
130 81 0
138 98 0
151 104 0
136 110 0
123 105 0
143 121 0
98 137 0
85 128 0
78 138 0
69 140 0
55 127 0
69 126 0
90 118 0
79 109 0
79 93 0
86 88 0
100 77 0
112 77 0
60 74 0
3 95 1
21 97 1
14 85 1
26 80 1
43 65 1
64 60 1
77 65 1
53 61 1
81 52 1
102 55 1
114 42 1
125 52 1
137 48 1
157 52 1
182 67 1
193 75 1
109 94 0
145 84 0
148 180 0
53 147 0
41 146 0
70 107 0
71 87 0
23 170 0
