3 133 0
32 121 0
10 116 0
25 136 0
15 155 0
10 196 0
43 179 0
31 155 0
23 165 0
43 119 0
51 118 0
64 101 0
71 106 0
85 110 0
94 103 0
94 114 0
77 124 0
59 123 0
47 133 0
57 145 0
62 157 0
56 168 0
74 173 0
66 198 0
82 199 0
90 182 0
109 161 0
82 154 0
77 147 0
133 90 0
113 73 0
105 68 0
91 74 0
101 82 0
132 33 0
147 7 0
158 33 0
147 36 0
143 54 0
136 58 0
131 68 0
145 84 0
160 48 0
168 61 0
176 61 0
197 79 0
187 91 0
176 76 0
169 87 0
155 84 0
152 99 0
160 123 0
150 128 0
148 119 0
137 108 0
123 117 0
140 141 0
152 147 0
178 148 0
177 123 0
176 115 0
169 110 0
192 115 0
189 111 0
185 103 0
195 136 0
195 156 0
188 150 0
190 171 0
196 190 0
194 198 0
185 199 0
178 195 0
171 193 0
169 165 0
161 158 0
174 137 0
148 176 0
136 198 0
120 196 0
142 159 0
121 154 0
121 132 0
116 144 0
109 134 0
94 140 0
129 169 0
108 174 0
98 184 0
117 183 0
105 191 0
5 91 1
15 83 1
8 2 1
2 4 1
18 96 1
32 102 1
26 87 1
36 79 1
40 92 1
47 82 1
56 70 1
66 67 1
75 66 1
78 57 1
85 51 1
86 37 1
95 38 1
107 37 1
116 30 1
122 21 1
118 8 1
176 13 1
180 24 1
189 4 1
194 19 1
197 33 1
198 50 1
188 48 1
179 43 1
178 34 1
