9 1 0
18 11 0
21 21 0
24 2 0
34 3 0
51 1 0
64 5 0
82 14 0
74 22 0
69 15 0
59 19 0
52 9 0
45 14 0
50 28 0
19 32 0
7 38 0
0 32 0
0 33 0
2 51 0
24 45 0
19 58 0
22 66 0
6 76 0
3 84 0
11 93 0
11 103 0
12 85 0
21 82 0
36 69 0
35 55 0
38 41 0
54 49 0
64 50 0
75 50 0
72 42 0
77 32 0
79 42 0
74 63 0
62 71 0
58 64 0
47 65 0
46 80 0
35 80 0
33 85 0
47 90 0
58 88 0
51 110 0
23 139 0
2 147 0
0 157 0
1 167 0
2 189 0
12 182 0
12 172 0
12 164 0
21 165 0
19 152 0
32 157 0
25 178 0
34 177 0
46 170 0
51 181 0
62 169 0
44 192 0
61 158 0
43 149 0
56 141 0
69 125 0
69 145 0
75 139 0
84 150 0
77 157 0
86 167 0
80 172 0
73 191 0
83 199 0
92 195 0
92 184 0
106 176 0
97 156 0
104 147 0
102 127 0
126 126 0
135 118 0
141 136 0
119 159 0
128 175 0
137 187 0
107 192 0
114 198 0
184 198 0
198 197 0
199 170 0
198 136 0
195 123 0
194 105 0
187 115 0
172 117 0
169 131 0
197 6 0
197 16 0
