31 17 0
11 27 0
4 43 0
7 57 0
43 55 0
54 32 0
75 37 0
49 66 0
33 67 0
37 79 0
32 78 0
26 85 0
25 95 0
35 91 0
36 110 0
31 103 0
40 99 0
48 101 0
51 87 0
54 95 0
60 93 0
65 85 0
69 76 0
77 71 0
83 69 0
94 66 0
80 81 0
110 45 0
119 50 0
131 64 0
111 72 0
129 73 0
133 80 0
144 89 0
156 92 0
146 104 0
138 119 0
132 101 0
126 91 0
117 84 0
106 84 0
96 85 0
91 76 0
28 122 0
20 125 0
10 117 0
12 103 0
3 114 0
20 146 0
22 138 0
5 154 0
27 155 0
23 173 0
18 192 0
51 154 0
38 143 0
52 136 0
62 141 0
67 154 0
61 165 0
72 165 0
81 147 0
94 138 0
115 122 0
100 120 0
99 109 0
89 102 0
76 95 0
84 124 0
97 160 0
98 176 0
96 191 0
92 187 0
131 187 0
140 186 0
126 176 0
123 170 0
131 136 0
166 105 0
172 115 0
173 128 0
178 143 0
192 161 0
187 172 0
171 173 0
165 143 0
159 134 0
143 166 0
133 160 0
121 147 0
159 193 0
189 124 1
199 126 1
