195 197 0
186 196 0
196 191 0
167 188 0
195 177 0
194 167 0
183 164 0
151 195 0
141 195 0
133 187 0
121 191 0
120 177 0
114 198 0
106 196 0
107 180 0
100 179 0
88 192 0
82 182 0
61 198 0
60 188 0
53 184 0
47 196 0
31 197 0
22 196 0
18 193 0
6 194 0
3 170 0
15 171 0
24 173 0
42 170 0
53 168 0
76 157 0
69 150 0
57 156 0
57 147 0
30 157 0
30 147 0
33 137 0
13 153 0
13 131 0
15 142 0
71 130 0
78 121 0
88 124 0
94 138 0
96 162 0
104 140 0
108 132 0
113 153 0
122 165 0
147 173 0
150 160 0
164 163 0
194 155 0
180 149 0
196 141 0
198 121 0
199 133 0
179 128 0
169 126 0
159 123 0
151 134 0
147 143 0
159 145 0
132 132 0
113 122 0
104 110 0
85 105 0
63 97 0
50 106 0
46 96 0
35 94 0
51 124 0
42 128 0
42 117 0
31 120 0
33 108 0
21 120 0
9 99 0
13 90 0
19 87 0
164 94 0
189 97 0
124 105 0
140 101 0
129 91 0
113 98 0
121 73 0
105 71 0
92 83 0
77 73 0
70 78 0
62 83 0
38 80 0
29 80 0
10 76 0
14 66 0
1 70 0
99 97 0
102 86 0
90 64 0
88 57 0
102 51 0
50 61 0
55 48 0
64 52 0
26 36 0
8 50 0
36 10 0
57 35 0
46 29 0
56 10 0
67 26 0
79 18 0
91 33 0
76 43 0
100 21 0
97 11 0
117 18 0
130 25 0
121 35 0
132 41 0
130 65 0
143 62 0
142 78 0
161 72 0
1 75 0
189 72 0
195 63 0
184 48 0
175 53 0
165 51 0
155 45 0
143 44 0
138 10 0
155 23 0
168 15 0
178 10 0
178 22 0
185 39 0
198 26 0
197 7 0
190 31 0
171 86 0
179 93 0
121 140 0
162 105 0
27 6 0
37 21 0
160 7 0
