22 8 0
11 15 0
1 15 0
3 5 0
17 1 0
50 6 0
65 3 0
76 16 0
81 3 0
103 7 0
100 18 0
90 20 0
95 28 0
100 36 0
113 34 0
132 27 0
123 34 0
127 43 0
140 32 0
139 6 0
178 4 0
188 11 0
197 5 0
184 24 0
176 20 0
167 35 0
119 15 0
127 1 0
20 30 0
6 30 0
14 42 0
11 51 0
23 46 0
39 41 0
43 31 0
57 34 0
70 36 0
65 49 0
78 43 0
82 52 0
96 58 0
86 63 0
106 56 0
115 50 0
123 56 0
121 63 0
137 59 0
143 59 0
144 51 0
142 46 0
154 52 0
157 58 0
167 59 0
178 42 0
176 50 0
190 35 0
193 67 0
180 68 0
155 71 0
135 72 0
58 49 0
45 49 0
23 57 0
5 66 0
31 65 0
41 66 0
56 65 0
53 55 0
25 81 0
10 85 0
12 96 0
8 109 0
14 115 0
19 108 0
26 114 0
26 101 0
42 103 0
51 102 0
65 102 0
73 100 0
46 89 0
61 81 0
67 70 0
80 76 0
91 74 0
102 84 0
107 98 0
96 96 0
124 99 0
125 81 0
139 86 0
134 97 0
147 91 0
151 101 0
138 110 0
181 78 0
180 89 0
189 107 0
194 131 0
185 128 0
186 118 0
82 87 0
91 111 0
81 108 0
82 119 0
188 198 0
176 190 0
164 198 0
162 178 0
151 178 0
140 175 0
142 162 0
146 152 0
161 165 0
172 158 0
184 154 0
183 145 0
196 171 0
199 153 0
163 151 0
148 133 0
152 125 0
165 112 0
170 121 0
167 131 0
172 140 0
110 181 0
23 124 0
22 137 0
43 133 0
41 119 0
54 119 0
65 113 0
68 123 0
66 130 0
57 131 0
74 145 0
89 150 0
99 134 0
109 133 0
124 138 0
132 128 0
117 122 0
104 116 0
100 106 0
111 108 0
113 145 0
125 150 0
127 161 0
133 152 0
120 172 0
126 188 0
119 196 0
102 188 0
94 182 0
40 189 0
24 181 0
43 177 0
51 175 0
37 156 0
42 144 0
34 129 0
54 150 0
62 139 0
69 156 0
65 166 0
7 163 0
13 162 0
27 196 0
7 139 0
58 188 0
65 179 0
47 160 0
45 194 0
75 184 0
81 177 0
97 165 0
81 160 0
184 53 0
21 162 0
9 197 0
12 188 0
13 179 0
196 190 0
27 151 0
83 34 0
74 88 0
64 91 0
57 96 0
99 147 0
90 141 0
91 130 0
172 165 0
174 172 0
155 187 0
