26 5 0
16 1 0
12 10 0
2 4 0
2 15 0
9 26 0
19 30 0
26 18 0
35 18 0
32 30 0
10 43 0
12 59 0
23 48 0
32 56 0
35 41 0
53 47 0
45 55 0
56 26 0
62 16 0
68 5 0
82 7 0
92 19 0
81 19 0
77 29 0
69 29 0
68 43 0
69 49 0
80 35 0
81 42 0
102 36 0
99 28 0
112 24 0
116 33 0
109 16 0
104 11 0
121 9 0
122 4 0
132 7 0
129 15 0
156 5 0
184 7 0
184 16 0
191 30 0
197 38 0
173 11 0
167 19 0
161 24 0
166 42 0
176 42 0
178 66 0
177 75 0
186 67 0
189 76 0
192 81 0
196 75 0
199 86 0
196 95 0
188 91 0
182 102 0
174 108 0
176 117 0
187 112 0
193 105 0
199 119 0
198 128 0
189 124 0
188 136 0
181 129 0
179 140 0
188 143 0
185 164 0
194 159 0
176 178 0
191 185 0
189 197 0
178 195 0
167 176 0
169 163 0
169 148 0
160 141 0
158 165 0
161 177 0
160 188 0
153 189 0
152 198 0
140 199 0
133 195 0
127 190 0
138 184 0
130 170 0
140 157 0
124 166 0
116 170 0
115 180 0
116 185 0
101 176 0
97 187 0
105 192 0
93 195 0
72 195 0
73 190 0
79 181 0
69 179 0
63 178 0
62 185 0
59 189 0
51 195 0
36 198 0
40 189 0
30 185 0
21 184 0
22 196 0
9 192 0
11 181 0
17 175 0
32 171 0
55 163 0
81 161 0
70 163 0
48 157 0
37 157 0
23 155 0
6 161 0
6 150 0
5 146 0
55 147 0
50 142 0
41 149 0
41 131 0
62 133 0
63 141 0
75 145 0
67 154 0
84 130 0
76 126 0
96 140 0
86 144 0
102 149 0
91 162 0
90 173 0
115 154 0
117 144 0
107 138 0
100 124 0
112 119 0
110 122 0
121 129 0
126 123 0
143 111 0
128 106 0
101 98 0
92 114 0
86 104 0
73 114 0
55 124 0
15 134 0
5 124 0
8 101 0
33 91 0
23 98 0
39 105 0
40 112 0
50 106 0
36 76 0
42 73 0
43 85 0
54 86 0
56 77 0
76 67 0
69 78 0
62 89 0
71 92 0
68 98 0
80 85 0
88 70 0
115 86 0
110 99 0
126 77 0
131 67 0
146 86 0
158 84 0
157 60 0
140 78 0
128 86 0
150 38 0
143 33 0
62 38 0
62 64 0
126 24 0
137 23 0
150 18 0
144 12 0
116 47 0
128 38 0
125 51 0
119 57 0
143 63 0
167 33 0
168 96 0
140 123 0
97 77 0
104 85 0
114 64 0
95 47 0
12 89 0
16 117 2
26 107 2
28 117 2
159 129 2
159 119 2
159 107 2
149 136 2
151 149 2
