8 16 0
24 5 0
33 26 0
53 4 0
46 20 0
48 29 0
59 23 0
67 27 0
86 2 0
83 17 0
102 4 0
112 12 0
132 6 0
148 3 0
166 3 0
188 8 0
1 8 0
198 24 0
195 34 0
180 14 0
182 25 0
167 21 0
149 16 0
134 20 0
112 25 0
135 39 0
152 32 0
162 29 0
178 46 0
167 51 0
154 58 0
165 62 0
173 76 0
172 88 0
184 88 0
195 81 0
196 72 0
177 107 0
169 116 0
151 99 0
155 78 0
154 68 0
126 86 0
146 112 0
129 100 0
132 91 0
191 122 0
199 135 0
197 154 0
173 154 0
173 164 0
189 179 0
154 173 0
153 154 0
151 132 0
138 121 0
129 122 0
113 118 0
109 127 0
99 132 0
106 138 0
118 144 0
138 143 0
131 132 0
141 158 0
138 167 0
134 183 0
145 178 0
140 190 0
156 191 0
123 159 0
108 157 0
117 171 0
115 196 0
111 188 0
106 180 0
101 172 0
92 167 0
87 154 0
73 160 0
76 173 0
79 192 0
101 197 0
42 178 0
41 191 0
28 188 0
12 185 0
20 197 0
8 171 0
12 157 0
4 148 0
26 163 0
29 140 0
33 126 0
0 136 0
22 114 0
14 98 0
33 108 0
42 102 0
33 89 0
58 103 0
72 104 0
55 120 0
51 146 0
40 152 0
94 101 0
93 100 0
93 91 0
92 82 0
82 73 0
117 45 0
130 50 0
87 44 0
81 52 0
75 45 0
64 38 0
56 40 0
62 51 0
57 63 0
61 75 0
27 49 0
32 63 0
20 66 0
8 70 0
3 62 0
14 51 0
14 77 0
31 73 0
45 57 0
175 195 0
164 198 0
83 29 0
91 35 0
72 35 0
67 13 0
94 19 0
20 31 0
1 34 0
173 33 0
107 65 0
59 135 0
62 152 0
73 113 0
