8 13 0
2 20 0
1 4 0
31 7 0
40 4 0
41 17 0
37 14 0
30 18 0
11 31 0
33 32 0
21 38 0
14 49 0
4 53 0
3 72 0
3 81 0
11 87 0
22 76 0
15 68 0
28 57 0
7 102 0
15 118 0
2 118 0
6 124 0
6 130 0
3 141 0
25 132 0
31 118 0
42 114 0
46 105 0
51 96 0
69 114 0
58 111 0
90 103 0
90 92 0
92 81 0
81 74 0
65 75 0
53 79 0
61 65 0
70 51 0
54 41 0
45 30 0
53 21 0
61 9 0
74 1 0
72 24 0
89 15 0
93 36 0
95 44 0
88 54 0
77 43 0
81 65 0
88 59 0
103 65 0
105 76 0
123 80 0
132 79 0
139 75 0
139 66 0
117 68 0
121 63 0
117 57 0
118 50 0
124 38 0
113 38 0
112 19 0
116 10 0
99 6 0
138 4 0
132 16 0
145 12 0
147 19 0
150 25 0
139 30 0
148 35 0
154 40 0
153 50 0
144 50 0
148 60 0
156 67 0
167 74 0
184 71 0
188 59 0
171 59 0
172 46 0
187 46 0
198 47 0
180 47 0
168 34 0
168 20 0
157 12 0
158 2 0
175 4 0
182 10 0
191 3 0
199 4 0
199 22 0
196 30 0
7 194 1
5 182 1
11 177 1
4 169 1
10 162 1
17 155 1
20 170 1
29 175 1
26 163 1
34 157 1
42 157 1
45 138 1
31 146 1
23 149 1
41 144 1
54 166 1
36 171 1
51 155 1
55 148 1
57 140 1
67 152 1
66 165 1
76 149 1
75 136 1
85 142 1
84 129 1
94 130 1
101 119 1
108 109 1
118 124 1
127 111 1
117 102 1
136 106 1
145 114 1
137 138 1
160 123 1
154 99 1
162 104 1
168 96 1
175 101 1
180 103 1
188 95 1
196 89 1
96 197 1
102 187 1
125 188 1
140 182 1
149 177 1
167 176 1
181 170 1
191 163 1
1 161 1
197 189 1
182 182 1
176 190 1
165 194 1
