152 3 0
154 14 0
44 27 0
78 55 0
98 139 0
192 112 0
16 83 0
33 81 0
31 54 0
56 93 0
54 131 0
80 96 0
89 96 0
95 85 0
108 81 0
119 75 0
119 51 0
170 15 0
171 66 0
138 68 0
145 80 0
160 85 0
172 98 0
176 110 0
179 119 0
161 113 0
151 120 0
130 118 0
144 105 0
134 104 0
113 91 0
110 108 0
100 114 0
92 116 0
84 124 0
85 136 0
78 147 0
86 166 0
106 156 0
110 117 0
111 140 0
120 134 0
128 148 0
124 169 0
119 184 0
107 176 0
129 191 0
140 189 0
132 173 0
143 164 0
139 154 0
152 133 0
141 140 0
158 135 0
154 146 0
166 142 0
168 166 0
176 158 0
175 171 0
185 159 0
191 144 0
193 153 0
196 130 0
181 142 0
183 132 0
170 150 0
157 162 0
160 169 0
186 174 0
