46 46 0
171 197 1
183 196 1
195 184 1
199 179 1
13 190 0
19 177 0
4 163 0
32 162 0
22 144 0
41 155 0
45 168 0
36 176 0
28 190 0
39 190 0
55 180 0
50 195 0
66 175 0
59 166 0
72 151 0
62 150 0
54 139 0
60 128 0
43 122 0
41 134 0
33 131 0
35 121 0
24 126 0
17 113 0
5 120 0
7 97 0
10 87 0
3 77 0
11 63 0
7 50 0
17 47 0
10 31 0
14 12 0
4 2 0
26 17 0
34 6 0
45 14 0
25 28 0
32 45 0
34 55 0
31 72 0
34 92 0
46 101 0
58 91 0
60 70 0
73 91 0
79 111 0
96 107 0
80 131 0
94 125 0
90 141 0
110 135 0
88 171 0
87 189 0
92 197 0
102 195 0
114 182 0
124 196 0
112 166 0
125 156 0
119 134 0
128 136 0
135 144 0
130 171 0
134 181 0
143 194 0
152 173 0
147 162 0
153 153 0
163 164 0
176 164 0
192 145 0
159 140 0
169 130 0
185 117 0
173 114 0
164 108 0
176 93 0
194 101 0
196 87 0
193 77 0
194 66 0
186 59 0
194 51 0
185 39 0
192 25 0
192 9 0
173 5 0
140 12 0
125 2 0
76 4 0
57 17 0
52 25 0
69 37 0
78 49 0
86 25 0
90 14 0
98 15 0
108 28 0
137 25 0
129 38 0
151 28 0
153 45 0
161 58 0
150 67 0
139 68 0
119 60 0
90 54 0
93 75 0
93 87 0
99 92 0
109 70 0
112 87 0
126 82 0
143 84 0
136 98 0
125 102 0
136 118 0
196 122 0
