21 90 0
39 32 0
3 6 0
10 118 0
1 108 0
8 95 0
3 82 0
2 66 0
4 47 0
6 22 0
6 35 0
16 30 0
24 38 0
9 14 0
17 17 0
13 2 0
27 3 0
34 15 0
40 11 0
47 23 0
49 1 0
65 5 0
74 3 0
93 5 0
110 17 0
174 25 0
172 2 0
191 2 0
103 65 0
108 82 0
114 87 0
84 89 0
72 99 0
63 110 0
26 99 0
39 100 0
44 105 0
41 88 0
35 73 0
21 82 0
14 68 0
22 58 0
38 52 0
45 67 0
69 71 0
62 58 0
58 67 0
74 53 0
54 47 0
54 36 0
64 28 0
73 28 0
85 36 0
90 46 0
95 38 0
93 21 0
69 18 0
84 18 0
84 18 0
118 66 0
127 52 0
133 40 0
46 113 0
56 15 0
38 60 0
