7 5 0
7 80 0
14 87 0
2 97 0
10 102 0
8 116 0
16 107 0
25 110 0
24 94 0
38 92 0
46 99 0
60 87 0
55 104 0
76 95 0
66 101 0
77 115 0
55 122 0
43 110 0
19 121 0
12 137 0
22 148 0
29 134 0
1 147 0
6 156 0
41 141 0
49 145 0
55 131 0
61 146 0
66 152 0
80 129 0
81 149 0
95 142 0
95 119 0
91 106 0
94 130 0
109 120 0
115 102 0
123 96 0
118 86 0
125 65 0
62 59 0
36 78 0
135 76 0
144 95 0
152 88 0
161 77 0
171 88 0
184 81 0
166 93 0
172 104 0
169 116 0
152 118 0
164 128 0
187 103 0
196 116 0
191 124 0
181 130 0
185 140 0
195 156 0
197 173 0
170 148 0
171 166 0
161 163 0
128 113 0
95 156 0
85 166 0
66 176 0
48 162 0
48 176 0
36 170 0
17 179 0
14 189 0
29 186 0
40 188 0
64 192 0
74 196 0
94 195 0
94 179 0
106 161 0
119 171 0
119 185 0
128 186 0
134 162 0
133 144 0
130 124 0
141 184 0
156 199 0
193 36 0
186 39 0
164 37 0
169 26 0
172 197 0
158 186 0
180 185 0
197 192 0
1 188 0
31 199 0
13 199 0
