19 2 0
17 9 0
35 1 0
41 7 0
45 16 0
57 3 0
76 7 0
3 23 0
15 27 0
24 27 0
26 39 0
17 51 0
5 49 0
86 7 0
77 15 0
81 24 0
68 27 0
57 24 0
48 25 0
39 23 0
39 43 0
26 68 0
15 72 0
15 65 0
96 9 0
100 2 0
89 33 0
100 30 0
113 27 0
138 15 0
135 24 0
166 20 0
151 21 0
160 13 0
179 21 0
181 29 0
144 33 0
135 34 0
127 36 0
109 43 0
62 50 0
79 41 0
94 59 0
71 58 0
48 53 0
33 72 0
28 86 0
18 79 0
6 88 0
4 97 0
28 99 0
49 90 0
56 79 0
76 88 0
63 102 0
85 74 0
106 65 0
115 61 0
113 75 0
123 71 0
126 77 0
88 92 0
95 100 0
94 110 0
102 83 0
106 97 0
190 113 0
199 122 0
182 131 0
171 135 0
142 91 0
135 102 0
181 86 0
183 100 0
8 198 0
12 189 0
0 167 0
15 145 0
19 163 0
31 164 0
31 155 0
43 150 0
59 159 0
66 198 0
70 185 0
77 194 0
72 175 0
80 169 0
84 160 0
97 192 0
102 181 0
116 183 0
125 190 0
121 198 0
151 196 0
145 191 0
144 179 0
177 194 0
187 162 0
198 146 0
198 164 0
142 141 0
134 140 0
141 134 0
126 154 0
114 155 0
113 147 0
104 146 0
133 170 0
116 169 0
140 170 0
157 163 0
67 146 0
63 138 0
73 136 0
92 134 0
80 123 0
48 125 0
34 131 0
21 133 0
10 131 0
18 118 0
33 112 0
20 108 0
44 104 0
132 115 0
131 122 0
109 131 0
104 112 0
73 100 0
115 85 0
111 81 0
118 90 0
124 90 0
129 83 0
74 80 0
70 74 0
42 69 0
38 87 0
1 70 0
1 70 0
1 70 0
67 1 0
89 1 0
141 1 0
69 12 0
126 9 0
124 134 0
122 117 0
122 54 0
126 49 0
134 54 0
