26 51 0
49 41 0
33 38 0
50 28 0
36 17 0
52 15 0
69 26 0
96 25 0
81 25 0
105 15 0
108 29 0
71 44 0
61 42 0
44 56 0
37 62 0
28 83 0
11 75 0
2 55 0
131 24 0
137 11 0
164 30 0
167 17 0
3 146 0
10 127 0
10 114 0
5 119 0
85 178 0
92 192 0
131 179 0
132 191 0
154 171 0
168 179 0
183 181 0
159 188 0
126 169 0
111 169 0
51 153 0
46 171 0
31 157 0
17 154 0
82 155 0
198 48 1
186 46 1
170 45 1
152 46 1
134 48 1
135 59 1
123 49 1
111 60 1
88 59 1
77 67 1
60 69 1
50 77 1
42 88 1
42 96 1
31 101 1
33 110 1
31 130 1
36 120 1
47 108 1
57 106 1
61 88 1
70 102 1
84 87 1
75 81 1
87 77 1
77 117 1
65 117 1
52 120 1
57 130 1
42 135 1
51 143 1
67 135 1
99 83 1
97 68 1
110 79 1
117 68 1
95 96 1
84 106 1
89 129 1
78 139 1
77 126 1
89 118 1
99 110 1
103 95 1
110 109 1
101 121 1
110 134 1
100 135 1
119 125 1
146 104 1
148 93 1
127 91 1
121 103 1
135 84 1
126 76 1
140 74 1
150 65 1
160 66 1
175 61 1
182 72 1
189 64 1
189 79 1
193 93 1
193 106 1
196 117 1
187 120 1
184 136 1
174 132 1
160 140 1
159 125 1
144 132 1
136 123 1
128 137 1
120 142 1
129 114 1
145 116 1
162 111 1
162 99 1
162 85 1
153 78 1
169 76 1
175 87 1
176 100 1
168 149 1
153 158 1
198 138 1
44 198 1
29 196 1
19 197 1
