26 97 0
8 77 0
25 53 0
43 76 0
23 8 0
61 17 0
52 15 0
81 23 0
95 60 0
109 77 0
93 105 0
74 110 0
91 121 0
83 144 0
109 127 0
134 122 0
132 91 0
125 89 0
127 105 0
150 108 0
153 90 0
165 85 0
155 75 0
172 66 0
144 59 0
148 49 0
121 31 0
149 12 0
173 18 0
191 61 0
152 1 0
180 6 0
32 33 0
41 18 0
38 43 0
45 43 0
5 106 1
8 124 1
20 123 1
30 132 1
42 141 1
47 147 1
37 151 1
31 160 1
15 150 1
10 139 1
3 144 1
2 135 1
23 160 1
17 171 1
3 163 1
10 178 1
7 189 1
40 168 1
26 192 1
1 172 1
5 196 1
51 192 1
59 174 1
48 159 1
55 151 1
64 166 1
68 162 1
82 170 1
89 164 1
108 163 1
75 179 1
98 173 1
115 156 1
126 153 1
135 139 1
140 156 1
146 143 1
155 136 1
161 153 1
166 141 1
168 129 1
186 144 1
184 126 1
181 110 1
188 94 1
188 81 1
197 100 1
197 71 1
198 61 1
111 189 1
71 189 1
