15 0 0
32 3 0
33 12 0
28 27 0
4 25 0
16 49 0
35 42 0
40 56 0
28 55 0
3 65 0
19 84 0
26 91 0
21 109 0
32 113 0
3 129 0
34 135 0
39 149 0
37 158 0
18 166 0
8 170 0
3 190 0
18 191 0
19 181 0
56 154 0
68 176 0
89 166 0
97 175 0
115 180 0
130 174 0
130 185 0
140 182 0
154 186 0
162 199 0
180 194 0
198 199 0
174 174 0
196 168 0
199 151 0
188 148 0
177 137 0
159 146 0
151 157 0
137 157 0
121 154 0
113 162 0
129 140 0
109 142 0
118 135 0
120 129 0
117 120 0
109 121 0
92 116 0
88 106 0
76 118 0
65 128 0
43 108 0
49 98 0
46 80 0
57 71 0
69 74 0
74 98 0
57 33 0
57 10 0
77 12 0
90 3 0
74 25 0
86 53 0
88 63 0
102 61 0
101 44 0
101 29 0
106 15 0
112 29 0
120 10 0
137 13 0
144 6 0
135 36 0
122 50 0
135 51 0
137 72 0
121 69 0
113 75 0
135 84 0
129 102 0
142 100 0
136 120 0
144 122 0
168 119 0
190 122 0
1 128 0
1 126 0
198 112 0
179 97 0
193 78 0
1 73 0
181 69 0
171 79 0
167 67 0
198 53 0
194 46 0
173 45 0
152 44 0
162 23 0
181 18 0
