19 1 0
19 13 0
12 27 0
26 29 0
32 43 0
45 57 0
50 72 0
60 63 0
71 75 0
62 82 0
85 79 0
92 88 0
99 101 0
89 118 0
76 126 0
86 141 0
79 148 0
55 136 0
38 126 0
33 118 0
46 101 0
57 101 0
29 89 0
19 95 0
15 103 0
3 80 0
2 91 0
3 120 0
21 120 0
29 128 0
15 134 0
10 142 0
4 151 0
6 162 0
14 178 0
1 199 0
19 165 0
25 148 0
32 165 0
40 169 0
56 174 0
58 165 0
68 169 0
40 188 0
74 198 0
40 197 0
101 189 0
94 199 0
154 189 0
150 199 0
163 199 0
169 192 0
181 183 0
185 172 0
198 186 0
161 165 0
143 161 0
127 168 0
113 170 0
122 177 0
66 140 0
74 159 0
85 162 0
96 152 0
100 137 0
96 143 0
118 147 0
117 132 0
116 123 0
107 121 0
118 106 0
130 109 0
140 94 0
154 115 0
165 143 0
168 130 0
183 128 0
184 142 0
199 135 0
172 104 0
185 101 0
194 82 0
198 64 0
179 58 0
172 63 0
170 71 0
158 67 0
157 54 0
133 58 0
133 75 0
128 83 0
111 70 0
112 57 0
118 54 0
113 41 0
102 42 0
96 55 0
83 47 0
78 20 0
84 7 0
94 17 0
120 1 0
117 13 0
145 7 0
142 15 0
154 1 0
162 10 0
161 19 0
152 30 0
136 28 0
135 37 0
171 21 0
186 6 0
195 3 0
191 26 0
174 45 0
192 52 0
197 40 0
