2 187 0
10 180 0
10 198 0
22 185 0
28 183 0
40 183 0
40 191 0
51 195 0
1 160 0
5 150 0
12 152 0
22 133 0
37 105 0
23 108 0
2 91 0
23 90 0
31 87 0
9 59 0
25 40 0
40 37 0
37 23 0
31 3 0
50 1 0
68 10 0
65 0 0
1 17 0
84 31 0
98 58 0
85 65 0
62 69 0
54 75 0
55 90 0
67 88 0
68 99 0
75 99 0
112 50 0
107 79 0
94 103 0
130 104 0
149 109 0
157 97 0
138 84 0
128 71 0
50 145 0
59 130 0
49 120 0
42 128 0
68 128 0
78 143 0
83 131 0
94 132 0
94 155 0
112 147 0
105 162 0
43 160 0
59 163 0
60 177 0
79 162 0
71 157 0
88 167 0
90 179 0
73 176 0
114 177 0
87 197 0
95 192 0
111 190 0
152 183 0
170 195 0
197 192 0
191 176 0
183 159 0
172 128 0
181 114 0
189 127 0
189 98 0
196 110 0
182 77 0
189 68 0
171 55 0
172 40 0
162 42 0
181 36 0
181 16 0
193 12 0
199 35 0
155 19 0
172 2 0
132 6 0
162 80 0
160 55 0
