87 11 0
110 18 0
58 46 0
56 63 0
12 68 0
7 83 0
36 96 0
5 181 0
102 192 0
151 198 0
117 37 1
110 45 1
109 56 1
116 60 1
101 72 1
103 84 1
105 91 1
108 99 1
86 92 1
80 102 1
85 122 1
92 118 1
98 108 1
104 117 1
117 116 1
101 139 1
94 156 1
131 144 1
144 132 1
149 112 1
192 170 1
186 163 1
142 164 1
161 140 1
175 140 1
165 125 1
162 112 1
177 109 1
193 96 1
194 108 1
196 116 1
196 123 1
193 132 1
197 144 1
191 151 1
198 155 1
198 164 1
176 75 1
187 80 1
161 73 1
189 48 1
179 63 1
165 54 1
155 49 1
181 38 1
170 27 1
167 10 1
161 22 1
