7 27 0
36 19 0
49 11 0
42 4 0
32 2 0
82 4 0
67 24 0
78 32 0
54 35 0
66 45 0
80 47 0
89 72 0
60 61 0
49 66 0
34 66 0
2 87 0
1 107 0
7 98 0
12 93 0
22 107 0
26 94 0
41 104 0
53 116 0
56 132 0
44 126 0
31 116 0
21 127 0
7 146 0
11 162 0
7 170 0
0 184 0
2 193 0
10 195 0
15 184 0
39 180 0
39 163 0
25 152 0
49 190 0
65 186 0
72 197 0
102 193 0
99 162 0
72 170 0
66 138 0
80 126 0
95 128 0
108 57 0
110 3 0
117 12 0
125 3 0
127 16 0
112 42 0
128 49 0
120 63 0
112 82 0
101 101 0
95 94 0
102 116 0
100 144 0
109 160 0
119 162 0
125 152 0
131 137 0
140 153 0
126 178 0
115 187 0
135 197 0
147 198 0
136 186 0
151 180 0
159 169 0
170 156 0
152 156 0
155 137 0
188 146 0
198 157 0
193 180 0
181 194 0
197 111 0
194 89 0
1 100 0
180 101 0
176 115 0
173 92 0
164 78 0
157 89 0
145 91 0
137 82 0
127 98 0
125 111 0
136 112 0
148 67 0
137 60 0
162 62 0
181 54 0
189 52 0
196 62 0
196 33 0
189 35 0
179 40 0
164 41 0
155 29 0
171 19 0
182 19 0
199 4 0
142 14 0
151 8 0
