126 18 0
121 26 0
123 63 0
164 110 0
173 119 0
100 3 0
99 20 0
84 30 0
87 40 0
89 1 0
72 1 0
55 2 0
37 6 0
15 7 0
43 16 0
52 21 0
68 28 0
30 26 0
32 50 0
18 50 0
1 81 0
7 105 0
5 116 0
19 119 0
23 86 0
33 96 0
41 70 0
55 79 0
67 74 0
78 69 0
80 58 0
93 61 0
93 74 0
105 75 0
106 84 0
79 85 0
63 91 0
63 98 0
89 97 0
87 114 0
119 98 0
122 113 0
137 106 0
131 126 0
107 121 0
109 109 0
109 136 0
119 143 0
129 143 0
137 149 0
152 137 0
148 152 0
174 173 0
167 185 0
154 180 0
154 167 0
147 189 0
138 196 0
131 188 0
131 171 0
121 177 0
114 193 0
76 135 0
69 124 0
62 115 0
56 121 0
49 131 0
35 128 0
29 122 0
30 144 0
21 148 0
9 142 0
1 141 0
18 179 0
8 196 0
21 196 0
50 153 0
59 143 0
52 180 0
72 172 0
79 152 0
100 150 0
99 157 0
83 199 0
93 181 0
98 188 0
102 199 0
111 162 0
197 28 1
180 20 1
198 21 1
193 7 1
181 3 1
171 4 1
172 12 1
164 12 1
156 3 1
150 7 1
147 15 1
146 21 1
141 30 1
152 24 1
162 24 1
171 31 1
151 31 1
149 38 1
159 41 1
149 54 1
164 48 1
164 55 1
152 64 1
169 61 1
167 71 1
162 81 1
179 69 1
175 79 1
190 69 1
187 77 1
176 90 1
169 103 1
186 91 1
189 100 1
198 89 1
198 101 1
198 115 1
199 151 1
199 169 1
197 176 1
198 199 1
