87 2 1
79 3 1
67 1 1
66 9 1
56 7 1
51 14 1
39 29 1
32 39 1
19 44 1
16 30 1
26 14 1
14 57 1
11 71 1
31 55 1
25 78 1
6 83 1
15 95 1
20 112 1
31 103 1
43 95 1
42 119 1
54 111 1
62 108 1
70 104 1
82 107 1
75 87 1
90 96 1
105 104 1
110 95 1
97 88 1
103 80 1
112 80 1
125 81 1
139 73 1
126 71 1
113 69 1
127 96 1
134 88 1
138 101 1
147 91 1
147 103 1
161 97 1
155 111 1
169 106 1
167 116 1
180 119 1
169 134 1
185 143 1
196 149 1
186 159 1
174 163 1
183 172 1
199 164 1
199 174 1
193 181 1
195 191 1
195 198 1
1 135 0
15 132 0
87 124 0
55 134 0
52 144 0
53 156 0
48 169 0
47 180 0
54 197 0
63 192 0
71 197 0
78 196 0
82 184 0
74 161 0
71 145 0
93 158 0
103 151 0
130 135 0
141 155 0
152 196 0
142 178 0
130 161 0
125 171 0
116 160 0
111 164 0
101 174 0
92 182 0
88 170 0
98 192 0
87 192 0
106 186 0
116 196 0
