15 5 0
34 3 0
50 4 0
40 16 0
67 11 0
82 6 0
98 13 0
121 3 0
140 3 0
154 17 0
178 16 0
184 2 0
185 32 0
156 31 0
131 27 0
117 27 0
119 18 0
102 38 0
63 44 0
51 40 0
23 36 0
7 40 0
19 54 0
3 60 0
23 75 0
33 101 0
40 92 0
42 104 0
25 115 0
52 110 0
55 120 0
52 54 0
61 64 0
56 76 0
64 74 0
66 54 0
81 58 0
96 59 0
119 51 0
128 37 0
131 46 0
148 53 0
152 69 0
195 60 0
186 72 0
174 82 0
196 90 0
191 99 0
163 110 0
163 120 0
173 127 0
199 139 0
148 82 0
145 94 0
137 101 0
122 90 0
119 74 0
90 73 0
73 89 0
97 85 0
105 98 0
89 96 0
79 98 0
76 105 0
76 117 0
91 108 0
100 117 0
113 125 0
114 132 0
130 126 0
126 135 0
92 140 0
54 135 0
38 151 0
28 162 0
15 165 0
5 177 0
2 199 0
38 176 0
57 175 0
75 172 0
71 194 0
85 153 0
105 154 0
112 186 0
137 167 0
151 186 0
142 195 0
163 145 0
172 155 0
188 181 0
182 192 0
122 110 0
