3 191 1
10 197 1
19 189 1
10 174 1
30 176 1
45 196 1
56 197 1
54 186 1
62 182 1
63 193 1
71 193 1
73 199 1
94 198 1
84 193 1
79 184 1
70 181 1
78 177 1
88 177 1
99 166 1
111 158 1
99 155 1
92 155 1
85 150 1
89 163 1
82 163 1
74 166 1
66 170 1
59 169 1
51 169 1
41 166 1
46 155 1
52 147 1
58 158 1
61 145 1
63 136 1
71 123 1
70 157 1
69 144 1
75 143 1
79 152 1
77 129 1
82 137 1
86 134 1
93 140 1
102 145 1
113 146 1
103 133 1
94 128 1
85 121 1
94 114 1
102 117 1
110 116 1
116 105 1
117 123 1
122 141 1
127 136 1
135 132 1
128 119 1
123 110 1
131 103 1
137 102 1
144 105 1
137 121 1
144 120 1
150 109 1
161 108 1
169 105 1
177 97 1
167 122 1
183 98 1
186 113 1
178 126 1
198 115 1
198 132 1
1 140 1
1 143 1
5 120 0
1 146 0
52 116 0
52 83 0
30 70 0
22 70 0
14 71 0
4 75 0
10 84 0
4 94 0
6 62 0
16 60 0
21 57 0
28 54 0
15 37 0
6 30 0
7 21 0
0 38 0
16 0 0
36 21 0
54 8 0
67 36 0
70 48 0
56 58 0
80 71 0
97 45 0
114 44 0
109 59 0
125 28 0
114 32 0
117 20 0
107 17 0
140 2 0
152 14 0
197 4 0
198 16 0
199 42 0
194 73 0
198 83 0
176 77 0
161 85 0
145 67 0
176 64 0
167 56 0
176 44 0
