4 4 0
2 15 0
0 30 0
11 37 0
12 12 0
3 50 0
20 50 0
27 38 0
35 16 0
19 4 0
31 1 0
47 7 0
56 22 0
71 24 0
80 11 0
71 0 0
74 0 0
97 2 0
126 4 0
128 13 0
131 8 0
138 24 0
146 5 0
156 4 0
173 10 0
184 15 0
191 2 0
197 3 0
197 28 0
187 34 0
169 24 0
170 37 0
169 50 0
174 64 0
182 94 0
185 108 0
195 129 0
192 149 0
186 158 0
191 172 0
185 174 0
189 198 0
175 188 0
176 174 0
179 159 0
173 145 0
164 120 0
141 116 0
153 191 0
146 171 0
134 166 0
124 165 0
122 152 0
119 136 0
109 146 0
108 131 0
105 172 0
114 181 0
121 193 0
128 198 0
100 190 0
84 167 0
78 178 0
79 195 0
73 191 0
55 186 0
50 197 0
38 176 0
6 175 0
11 138 0
2 131 0
32 152 0
42 135 0
41 156 0
49 148 0
64 145 0
80 145 0
88 152 0
82 126 0
54 120 0
42 114 0
29 100 0
30 87 0
21 85 0
33 65 0
46 46 0
62 39 0
58 57 0
60 67 0
81 54 0
96 50 0
84 78 0
79 74 0
60 79 0
56 96 0
67 107 0
89 96 0
115 89 0
119 75 0
118 112 0
113 104 0
15 197 0
3 198 0
88 27 0
100 29 0
110 25 0
111 39 0
120 32 0
130 49 0
146 45 0
143 34 0
159 70 0
147 75 0
143 69 0
133 65 0
138 80 0
110 57 0
192 95 0
