5 6 0
36 13 0
43 35 0
54 47 0
31 43 0
23 30 0
7 36 0
0 45 0
1 78 0
19 92 0
37 93 0
48 79 0
69 81 0
84 75 0
79 63 0
109 62 0
103 71 0
106 26 0
97 22 0
102 8 0
124 13 0
129 25 0
145 3 0
150 13 0
156 30 0
168 26 0
170 43 0
177 37 0
189 39 0
197 44 0
199 4 0
188 3 0
177 2 0
146 51 0
160 87 0
176 102 0
171 122 0
150 107 0
134 166 0
120 88 0
111 118 0
100 123 0
90 125 0
85 113 0
74 104 0
59 95 0
56 121 0
32 107 0
15 109 0
26 123 0
10 146 0
53 151 0
43 147 0
69 142 0
87 142 0
100 160 0
121 179 0
98 180 0
88 168 0
79 168 0
81 183 0
95 192 0
81 199 0
60 194 0
40 123 0
155 167 1
171 177 1
186 172 1
192 181 1
198 192 1
189 196 1
178 196 1
178 186 1
163 180 1
