25 184 0
30 171 0
25 160 0
8 184 0
10 194 0
0 196 0
8 168 0
1 167 0
1 156 0
5 137 0
55 133 0
65 130 0
30 97 0
42 199 0
47 191 0
60 184 0
71 172 0
76 158 0
100 180 0
81 194 0
115 189 0
129 191 0
126 199 0
104 162 0
123 173 0
130 167 0
132 158 0
156 152 0
174 184 0
185 176 0
199 176 0
186 114 0
189 145 0
198 102 0
199 83 0
194 38 0
180 21 0
149 83 0
169 102 0
118 116 0
114 136 0
118 148 0
105 148 0
104 137 0
92 124 0
91 110 0
103 108 0
75 101 0
67 86 0
55 72 0
74 55 0
77 64 0
83 73 0
92 83 0
95 57 0
99 46 0
99 38 0
116 25 0
117 7 0
91 26 0
127 5 0
78 33 0
76 21 0
66 27 0
54 27 0
42 35 0
42 52 0
32 47 0
19 59 0
11 60 0
2 64 0
4 31 0
12 45 0
16 30 0
31 28 0
19 23 0
24 2 0
63 9 0
53 16 0
43 18 0
81 1 0
130 2 0
