42 199 0
31 197 0
22 198 0
25 187 0
42 177 0
39 173 0
48 187 0
59 192 0
77 185 0
80 173 0
95 187 0
105 197 0
100 197 0
118 199 0
143 194 0
127 147 0
118 122 0
110 124 0
84 136 0
47 137 0
22 146 0
27 158 0
15 162 0
45 166 0
61 153 0
32 120 0
22 120 0
7 113 0
19 104 0
33 104 0
56 102 0
60 104 0
90 117 0
78 107 0
82 93 0
113 78 0
122 97 0
38 61 0
46 51 0
49 25 0
16 40 0
3 26 0
31 20 0
23 15 0
107 42 0
82 21 0
106 17 0
112 9 0
2 63 0
4 196 1
2 180 1
1 167 1
2 137 1
165 199 1
165 193 1
162 184 1
181 187 1
180 172 1
162 173 1
151 167 1
163 162 1
158 152 1
146 147 1
146 137 1
142 129 1
138 121 1
153 112 1
140 105 1
156 96 1
139 90 1
138 80 1
140 75 1
139 62 1
138 54 1
140 43 1
139 32 1
139 18 1
139 3 1
129 6 1
150 26 1
