197 196 1
198 188 1
187 189 1
179 184 1
169 186 1
153 191 1
166 192 1
177 199 1
55 185 0
60 165 0
73 193 0
96 192 0
119 169 0
150 170 0
128 157 0
137 143 0
187 147 0
199 173 0
195 109 0
198 102 0
199 117 0
178 105 0
165 117 0
150 102 0
142 87 0
137 65 0
152 52 0
157 70 0
168 69 0
192 42 0
180 20 0
128 8 0
134 13 0
117 17 0
108 2 0
121 42 0
135 43 0
84 2 0
55 6 0
51 18 0
47 8 0
36 4 0
26 2 0
31 11 0
20 34 0
4 37 0
6 22 0
40 16 0
61 38 0
56 51 0
32 57 0
23 81 0
11 97 0
2 79 0
1 98 0
37 79 0
67 61 0
88 63 0
100 78 0
102 103 0
87 117 0
78 85 0
64 121 0
42 101 0
38 116 0
29 120 0
32 138 0
1 126 0
3 140 0
8 149 0
2 156 0
65 138 0
98 140 0
125 122 0
