12 15 0
27 8 0
19 21 0
45 15 0
47 4 0
65 5 0
67 16 0
47 23 0
17 40 0
8 56 0
1 53 0
7 72 0
1 65 0
34 60 0
21 80 0
42 75 0
50 60 0
50 44 0
53 32 0
83 28 0
67 53 0
69 78 0
5 102 0
1 87 0
6 116 0
14 140 0
23 135 0
31 145 0
40 145 0
17 162 0
17 182 0
3 184 0
17 192 0
50 159 0
60 138 0
74 136 0
86 131 0
90 140 0
86 154 0
64 163 0
79 176 0
90 167 0
96 180 0
84 187 0
112 188 0
124 195 0
133 176 0
143 187 0
121 154 0
137 142 0
132 133 0
143 168 0
162 152 0
166 172 0
163 190 0
190 191 0
175 135 0
172 121 0
152 111 0
133 106 0
64 111 0
76 103 0
81 91 0
98 106 0
107 99 0
102 87 0
96 82 0
110 81 0
119 90 0
133 84 0
141 68 0
189 87 0
192 77 0
194 98 0
198 110 0
198 129 0
178 66 0
199 51 0
187 36 0
188 18 0
173 1 0
169 8 0
144 2 0
138 21 0
152 21 0
164 29 0
149 53 0
132 38 0
113 39 0
105 32 0
96 43 0
103 9 0
123 63 0
