16 7 0
30 7 0
22 22 0
1 35 0
1 14 0
15 37 0
25 45 0
36 35 0
55 39 0
66 29 0
74 47 0
56 51 0
69 38 0
74 11 0
65 0 0
96 43 0
124 41 0
129 25 0
138 15 0
139 44 0
145 51 0
165 47 0
161 33 0
189 24 0
190 39 0
198 42 0
191 2 0
199 2 0
161 61 0
180 75 0
176 88 0
130 83 0
122 107 0
124 99 0
110 116 0
102 125 0
58 81 0
28 70 0
18 72 0
4 72 0
20 101 0
6 101 0
6 112 0
17 119 0
11 130 0
12 148 0
4 173 0
36 132 0
41 169 0
31 190 0
4 191 0
13 199 0
45 195 0
68 161 0
58 166 0
69 171 0
82 165 0
79 196 0
93 185 0
113 194 0
138 182 0
150 169 0
167 184 0
178 197 0
1 181 0
1 181 0
181 160 0
150 138 0
163 132 0
155 127 0
