6 80 0
21 79 0
12 20 0
1 27 0
23 15 0
30 1 0
31 34 0
47 45 0
36 54 0
68 19 0
94 12 0
108 30 0
132 42 0
144 45 0
159 17 0
178 29 0
186 36 0
190 9 0
161 66 0
152 79 0
139 69 0
141 62 0
127 83 0
112 79 0
114 95 0
101 93 0
88 88 0
67 59 0
34 108 0
30 119 0
10 136 0
22 147 0
5 165 0
2 178 0
29 168 0
39 171 0
32 183 0
49 185 0
67 173 0
65 147 0
55 145 0
67 119 0
83 130 0
86 165 0
75 153 0
25 198 0
84 195 0
98 195 0
106 153 0
110 125 0
123 146 0
132 175 0
129 188 0
141 188 0
159 152 0
153 143 0
168 134 0
188 177 0
197 167 0
194 152 0
196 129 0
191 111 0
140 98 0
180 84 0
199 95 0
