117 1 1
108 2 1
98 10 1
84 8 1
79 18 1
70 22 1
58 13 1
41 15 1
35 5 1
25 10 1
21 23 1
15 37 1
15 9 1
12 2 1
5 5 1
10 14 1
6 31 1
1 40 1
16 27 1
2 20 1
27 27 1
166 14 0
167 25 0
197 26 0
183 38 0
171 45 0
162 34 0
147 18 0
124 22 0
117 51 0
115 68 0
129 68 0
143 59 0
179 60 0
168 73 0
178 86 0
193 94 0
190 77 0
198 39 0
143 43 0
142 35 0
98 62 0
106 72 0
102 82 0
103 97 0
80 86 0
60 73 0
48 78 0
49 60 0
40 43 0
10 56 0
28 95 0
52 96 0
40 90 0
123 79 0
138 89 0
132 102 0
135 108 0
152 96 0
149 108 0
147 123 0
164 103 0
189 114 0
190 134 0
162 133 0
150 134 0
137 134 0
130 144 0
142 146 0
103 157 0
112 148 0
118 138 0
112 126 0
120 116 0
108 114 0
90 125 0
87 121 0
68 120 0
61 109 0
39 115 0
22 122 0
18 110 0
4 117 0
2 153 0
10 147 0
11 156 0
24 161 0
32 150 0
57 152 0
57 169 0
73 155 0
90 174 0
120 179 0
115 194 0
142 195 0
156 198 0
180 198 0
194 191 0
135 197 0
149 176 0
159 177 0
178 160 0
196 164 0
88 79 0
87 74 0
104 126 0
199 122 0
116 84 0
