53 96 0
53 106 0
38 107 0
6 130 0
2 149 0
5 177 0
2 197 0
21 182 0
32 193 0
43 199 0
56 193 0
43 171 0
63 131 0
79 117 0
73 142 0
84 146 0
80 158 0
65 174 0
64 195 0
78 199 0
93 167 0
106 170 0
111 163 0
137 126 0
143 134 0
145 116 0
144 105 0
184 45 0
174 69 0
185 70 0
167 124 0
164 131 0
180 151 0
198 166 0
189 189 0
169 179 0
159 182 0
171 160 0
158 172 0
147 165 0
147 177 0
144 194 0
137 199 0
2 8 1
2 22 1
17 23 1
10 35 1
5 47 1
2 59 1
7 65 1
8 80 1
8 94 1
2 87 1
1 97 1
23 90 1
27 81 1
27 66 1
14 66 1
17 80 1
22 50 1
15 50 1
30 43 1
35 30 1
44 28 1
55 29 1
62 39 1
54 47 1
63 64 1
48 60 1
48 43 1
36 55 1
41 73 1
72 49 1
72 63 1
80 75 1
82 59 1
86 47 1
76 39 1
82 29 1
97 44 1
100 61 1
96 70 1
106 56 1
117 59 1
115 44 1
117 32 1
127 21 1
127 36 1
126 46 1
137 33 1
146 32 1
140 16 1
144 9 1
152 24 1
164 28 1
158 11 1
165 7 1
175 2 1
180 20 1
189 14 1
196 6 1
