1 75 1
4 92 1
11 101 1
4 111 1
22 88 1
23 100 1
29 81 1
30 101 1
38 110 1
39 86 1
42 98 1
47 83 1
62 79 1
56 100 1
62 91 1
67 99 1
72 88 1
79 84 1
82 91 1
93 87 1
102 81 1
83 68 1
91 58 1
104 56 1
113 64 1
103 68 1
115 77 1
111 45 1
122 53 1
86 40 1
96 36 1
101 26 1
93 18 1
83 10 1
75 6 1
64 2 1
104 5 1
74 26 1
5 142 0
3 126 0
38 133 0
48 131 0
63 127 0
44 142 0
39 157 0
1 161 0
56 176 0
49 191 0
52 196 0
75 196 0
83 192 0
78 166 0
96 163 0
76 149 0
106 131 0
124 133 0
134 127 0
138 118 0
132 154 0
158 134 0
169 126 0
177 107 0
184 136 0
176 148 0
195 160 0
1 126 0
165 92 0
155 112 0
140 84 0
135 71 0
124 91 0
137 39 0
136 54 0
150 46 0
163 37 0
165 4 0
184 29 0
178 30 0
198 58 0
194 80 0
