6 5 0
0 22 0
8 39 0
17 27 0
27 20 0
26 1 0
46 15 0
58 5 0
62 19 0
58 24 0
49 25 0
40 28 0
41 42 0
27 34 0
28 46 0
2 64 0
1 89 0
2 98 0
11 90 0
22 95 0
37 91 0
36 99 0
48 78 0
40 56 0
55 61 0
12 112 0
5 123 0
14 130 0
22 143 0
11 146 0
14 164 0
6 177 0
22 181 0
29 170 0
34 183 0
49 180 0
65 179 0
74 154 0
62 152 0
57 137 0
58 128 0
84 129 0
103 127 0
107 132 0
113 139 0
119 147 0
111 149 0
105 158 0
98 166 0
93 175 0
83 169 0
111 179 0
125 174 0
120 185 0
129 192 0
154 195 0
171 187 0
168 197 0
188 197 0
198 162 0
175 156 0
180 166 0
160 158 0
168 141 0
190 137 0
199 132 0
191 109 0
185 126 0
177 135 0
184 112 0
169 109 0
163 124 0
150 136 0
149 123 0
146 114 0
138 126 0
131 139 0
131 121 0
121 117 0
136 110 0
132 90 0
130 100 0
117 104 0
94 108 0
72 103 0
64 110 0
86 79 0
85 68 0
100 78 0
101 86 0
108 76 0
109 95 0
161 83 0
158 92 0
169 91 0
170 79 0
178 93 0
191 87 0
185 74 0
165 49 0
166 56 0
190 45 0
199 26 0
177 30 0
190 3 0
170 14 0
161 16 0
137 19 0
127 2 0
119 22 0
136 33 0
120 37 0
111 61 0
105 50 0
94 25 0
93 12 0
95 35 0
84 38 0
74 38 0
76 27 0
