195 89 1
184 91 1
174 86 1
164 84 1
164 109 1
186 102 1
198 69 1
194 55 1
185 68 1
176 60 1
168 66 1
160 48 1
152 58 1
156 80 1
149 88 1
147 98 1
142 81 1
143 70 1
133 62 1
123 55 1
120 50 1
120 75 1
126 75 1
123 90 1
112 82 1
109 68 1
96 59 1
98 70 1
89 68 1
103 82 1
107 94 1
95 92 1
86 89 1
67 76 1
66 90 1
62 99 1
65 106 1
57 112 1
49 128 1
58 131 1
68 127 1
76 118 1
74 99 1
95 107 1
105 106 1
119 110 1
127 129 1
111 129 1
108 118 1
116 122 1
99 127 1
93 133 1
87 125 1
75 135 1
79 143 1
87 144 1
75 155 1
65 159 1
61 154 1
52 156 1
58 171 1
65 179 1
74 173 1
78 163 1
88 165 1
74 187 1
80 199 1
95 196 1
87 192 1
87 182 1
92 175 1
95 166 1
105 163 1
115 152 1
97 152 1
104 148 1
101 139 1
108 178 1
113 187 1
111 196 1
124 199 1
126 185 1
132 174 1
140 169 1
146 154 1
129 166 1
152 173 1
159 169 1
143 193 1
134 197 1
160 186 1
166 195 1
166 195 1
176 197 1
188 196 1
181 188 1
189 185 1
169 176 1
190 171 1
1 165 1
1 175 1
198 145 1
1 157 1
192 137 1
188 148 1
193 160 1
177 143 1
159 136 1
45 192 0
28 185 0
12 188 0
3 170 0
35 169 0
20 143 0
9 139 0
1 154 0
26 132 0
4 115 0
22 98 0
40 92 0
40 92 0
39 117 0
8 85 0
0 77 0
16 62 0
4 58 0
19 39 0
34 39 0
42 42 0
35 52 0
44 62 0
29 74 0
54 56 0
56 46 0
70 47 0
81 32 0
83 23 0
76 5 0
57 14 0
52 2 0
52 2 0
40 16 0
19 14 0
8 4 0
99 7 0
108 3 0
121 8 0
139 2 0
141 30 0
157 14 0
97 24 0
162 2 0
177 1 0
184 9 0
195 20 0
184 34 0
186 41 0
