14 172 1
0 177 1
3 155 1
6 136 1
18 138 1
8 117 1
19 124 1
28 128 1
33 112 1
46 108 1
46 126 1
56 114 1
68 108 1
62 113 1
75 113 1
76 124 1
66 126 1
87 112 1
85 131 1
98 125 1
111 119 1
112 130 1
107 140 1
126 131 1
130 142 1
136 129 1
144 136 1
141 149 1
154 149 1
149 169 1
163 159 1
160 173 1
175 164 1
175 178 1
183 173 1
192 188 1
199 191 1
5 72 0
27 72 0
44 92 0
58 85 0
74 62 0
42 21 0
42 14 0
32 9 0
22 13 0
10 23 0
2 2 0
71 6 0
86 16 0
103 26 0
100 59 0
86 97 0
95 87 0
111 79 0
119 67 0
125 28 0
129 36 0
137 44 0
144 38 0
148 29 0
157 20 0
169 52 0
178 39 0
150 46 0
150 55 0
147 74 0
141 102 0
170 120 0
179 140 0
193 145 0
1 133 0
1 133 0
193 154 0
197 101 0
182 94 0
166 95 0
192 90 0
198 74 0
