22 195 1
52 197 1
64 195 1
84 193 1
96 188 1
96 198 1
109 196 1
113 180 1
122 195 1
118 195 1
130 196 1
128 183 1
137 187 1
148 190 1
147 174 1
121 174 1
156 184 1
159 198 1
171 197 1
166 188 1
173 180 1
178 198 1
180 190 1
181 175 1
191 190 1
193 178 1
198 175 1
198 194 1
4 185 0
4 173 0
21 170 0
16 150 0
4 146 0
26 136 0
40 154 0
51 158 0
59 167 0
69 163 0
66 179 0
77 171 0
83 159 0
100 169 0
109 168 0
148 154 0
168 152 0
181 149 0
196 155 0
189 159 0
131 145 0
142 144 0
17 132 0
19 119 0
35 110 0
36 133 0
117 130 0
108 122 0
77 100 0
139 114 0
152 110 0
183 132 0
176 114 0
192 110 0
195 96 0
174 93 0
3 100 0
1 91 0
16 94 0
29 89 0
26 63 0
29 58 0
37 56 0
55 50 0
102 88 0
102 75 0
116 72 0
113 84 0
128 85 0
128 97 0
136 77 0
128 74 0
128 59 0
138 60 0
172 61 0
199 44 0
189 44 0
164 28 0
188 14 0
158 3 0
154 24 0
135 37 0
129 31 0
124 24 0
44 16 0
51 15 0
2 34 0
2 3 0
53 1 0
130 2 0
23 123 0
