2 12 0
20 16 0
36 4 0
70 3 0
96 17 0
99 8 0
113 2 0
125 12 0
135 1 0
150 8 0
160 20 0
191 6 0
180 28 0
188 37 0
198 47 0
176 44 0
160 35 0
151 50 0
140 55 0
128 45 0
118 48 0
105 44 0
99 51 0
99 61 0
95 32 0
88 41 0
105 24 0
106 30 0
112 32 0
126 24 0
134 36 0
69 35 0
56 50 0
52 61 0
51 74 0
43 70 0
33 62 0
15 62 0
1 59 0
27 49 0
42 38 0
40 30 0
39 19 0
27 25 0
23 33 0
19 41 0
9 39 0
1 71 0
13 75 0
15 90 0
24 96 0
36 100 0
58 114 0
73 121 0
83 114 0
89 106 0
88 91 0
92 83 0
86 76 0
77 80 0
70 92 0
108 80 0
127 82 0
118 94 0
136 111 0
149 121 0
164 130 0
179 132 0
182 118 0
198 98 0
175 91 0
162 84 0
151 75 0
167 64 0
10 101 0
18 117 0
8 132 0
15 148 0
7 167 0
9 194 0
60 174 0
101 121 0
108 137 0
114 151 0
112 163 0
106 172 0
92 175 0
87 164 0
83 155 0
91 150 0
96 141 0
84 194 0
91 194 0
98 194 0
122 185 0
124 197 0
138 198 0
127 151 0
144 164 0
161 180 0
178 174 0
185 183 0
189 167 0
199 181 0
182 198 0
199 164 0
164 112 0
108 70 0
