47 198 1
38 188 1
40 180 1
39 168 1
40 158 1
32 153 1
38 145 1
48 148 1
42 138 1
39 131 1
53 136 1
46 122 1
57 118 1
63 113 1
73 107 1
84 100 1
86 116 1
94 106 1
103 95 1
104 111 1
112 99 1
120 102 1
115 118 1
128 93 1
131 103 1
128 117 1
142 110 1
137 131 1
150 122 1
157 133 1
165 133 1
145 145 1
161 145 1
163 158 1
157 172 1
165 182 1
157 187 1
147 190 1
152 198 1
140 197 1
51 2 0
42 2 0
2 28 0
33 21 0
47 16 0
59 11 0
45 44 0
29 47 0
15 49 0
28 59 0
29 71 0
62 87 0
52 99 0
15 157 0
3 164 0
6 176 0
23 180 0
21 194 0
82 79 0
97 79 0
107 80 0
121 71 0
130 58 0
119 62 0
105 61 0
95 56 0
83 51 0
73 33 0
81 26 0
98 37 0
104 40 0
108 49 0
117 37 0
104 28 0
110 6 0
117 14 0
126 17 0
117 25 0
148 41 0
190 1 0
164 16 0
162 26 0
180 20 0
199 30 0
197 52 0
181 55 0
199 90 0
182 89 0
172 97 0
171 126 0
181 131 0
185 149 0
186 183 0
194 192 0
