29 10 0
2 19 0
35 23 0
65 5 0
49 34 0
40 42 0
25 57 0
29 73 0
3 74 0
53 56 0
61 42 0
75 39 0
80 7 0
99 10 0
70 51 0
75 72 0
84 64 0
82 58 0
94 62 0
75 83 0
80 102 0
89 104 0
56 113 0
57 125 0
67 132 0
34 133 0
8 132 0
2 145 0
12 147 0
8 163 0
20 162 0
29 150 0
36 159 0
12 177 0
37 188 0
42 176 0
50 159 0
69 168 0
80 170 0
82 190 0
93 163 0
104 157 0
117 147 0
97 136 0
106 172 0
117 169 0
126 158 0
132 179 0
132 179 0
141 188 0
156 186 0
157 170 0
166 164 0
172 173 0
197 186 0
194 168 0
175 133 0
163 123 0
180 103 0
186 128 0
172 116 0
156 101 0
119 127 0
124 108 0
126 95 0
135 84 0
147 90 0
153 75 0
146 62 0
156 47 0
174 42 0
190 47 0
196 26 0
171 24 0
171 24 0
160 10 0
150 0 0
150 22 0
143 33 0
129 20 0
122 14 0
103 31 0
97 39 0
113 65 0
126 64 0
119 48 0
137 47 0
