5 77 1
10 55 1
4 47 1
20 49 1
24 60 1
28 45 1
21 38 1
12 31 1
2 28 1
8 24 1
12 13 1
12 1 1
19 20 1
25 28 1
29 20 1
30 10 1
31 2 1
41 0 1
44 6 1
52 12 1
40 17 1
43 24 1
36 28 1
39 39 1
45 38 1
44 56 1
48 48 1
53 33 1
56 20 1
60 4 1
65 16 1
62 25 1
72 22 1
78 17 1
73 10 1
84 3 1
89 3 1
93 7 1
86 11 1
63 198 1
74 186 1
81 182 1
88 175 1
80 162 1
93 162 1
99 156 1
105 157 1
107 141 1
106 126 1
116 136 1
121 132 1
120 116 1
132 120 1
136 101 1
139 92 1
145 91 1
151 81 1
156 76 1
160 61 1
161 47 1
159 33 1
165 28 1
167 44 1
172 43 1
176 31 1
181 29 1
181 37 1
187 21 1
196 23 1
188 8 1
198 12 1
195 5 1
5 121 0
10 149 0
14 161 0
4 157 0
19 129 0
32 106 0
11 106 0
27 97 0
40 87 0
47 102 0
47 116 0
55 68 0
57 80 0
71 79 0
77 61 0
61 61 0
68 53 0
75 45 0
86 40 0
110 13 0
42 67 0
20 81 0
27 73 0
193 50 0
190 60 0
175 58 0
199 78 0
198 99 0
183 96 0
173 94 0
164 111 0
173 125 0
198 120 0
194 146 0
193 169 0
172 147 0
162 147 0
165 159 0
147 152 0
148 131 0
135 154 0
118 170 0
137 166 0
128 190 0
148 189 0
144 170 0
155 176 0
163 173 0
97 197 0
