35 175 0
33 191 0
49 149 0
61 107 0
73 128 0
55 165 0
71 170 0
79 159 0
80 196 0
90 177 0
92 162 0
106 172 0
127 157 0
142 150 0
150 179 0
192 196 0
107 150 0
98 155 0
111 135 0
118 124 0
95 120 0
103 99 0
104 81 0
95 91 0
90 85 0
138 99 0
139 118 0
155 124 0
151 114 0
163 106 0
190 92 0
1 97 0
1 97 0
161 89 0
151 67 0
1 56 0
1 44 0
1 41 0
167 49 0
159 37 0
155 21 0
162 6 0
131 28 0
119 18 0
128 0 0
15 191 1
13 179 1
20 171 1
16 155 1
27 155 1
27 145 1
26 132 1
31 118 1
39 129 1
43 116 1
32 105 1
46 101 1
50 92 1
60 89 1
57 76 1
57 67 1
48 68 1
66 64 1
78 64 1
64 51 1
78 49 1
84 42 1
74 35 1
84 30 1
78 19 1
92 17 1
101 3 1
102 11 1
