167 41 1
175 55 1
189 52 1
186 61 1
194 73 1
189 87 1
189 99 1
191 109 1
177 109 1
182 121 1
192 125 1
174 130 1
169 124 1
164 135 1
157 132 1
154 122 1
142 122 1
127 116 1
124 108 1
112 100 1
117 89 1
112 78 1
112 62 1
116 57 1
123 45 1
132 41 1
139 33 1
151 33 1
198 20 0
186 29 0
186 20 0
181 5 0
172 21 0
114 29 0
100 5 0
98 34 0
74 2 0
49 2 0
11 1 0
74 17 0
69 39 0
72 49 0
46 25 0
30 33 0
8 47 0
37 48 0
21 63 0
21 81 0
24 95 0
12 105 0
0 120 0
0 120 0
39 109 0
36 70 0
44 81 0
48 69 0
55 80 0
65 77 0
57 92 0
69 97 0
72 112 0
86 112 0
105 116 0
134 138 0
170 169 0
1 185 0
142 196 0
143 158 0
116 146 0
98 139 0
68 131 0
45 142 0
35 133 0
24 156 0
27 182 0
21 197 0
38 195 0
60 183 0
83 176 0
103 158 0
93 187 0
