4 8 0
5 22 0
5 51 0
7 66 0
1 82 0
23 61 0
36 46 0
23 11 0
41 1 0
46 13 0
54 24 0
63 46 0
53 57 0
42 58 0
40 69 0
55 67 0
49 44 0
43 95 0
35 106 0
33 92 0
14 93 0
9 125 0
11 156 0
7 181 0
21 191 0
33 194 0
43 176 0
48 157 0
57 188 0
65 177 0
77 187 0
80 197 0
94 164 0
71 131 0
75 112 0
62 99 0
75 94 0
84 108 0
88 62 0
82 46 0
74 18 0
100 21 0
116 10 0
130 27 0
138 44 0
131 54 0
138 69 0
134 86 0
107 88 0
133 112 0
113 117 0
122 143 0
113 145 0
119 174 0
144 179 0
139 157 0
162 145 0
167 163 0
180 152 0
192 146 0
180 135 0
186 123 0
197 112 0
188 86 0
174 81 0
167 81 0
157 74 0
152 60 0
165 57 0
176 45 0
178 38 0
186 30 0
190 19 0
190 6 0
175 21 0
189 57 0
199 53 0
190 76 0
197 66 0
