27 188 0
33 180 0
39 178 0
137 197 0
117 186 0
110 173 0
114 163 0
95 143 0
66 138 0
79 115 0
28 127 0
46 111 0
47 98 0
55 97 0
17 93 0
7 101 0
3 113 0
3 75 0
5 58 0
20 63 0
41 65 0
31 56 0
25 50 0
19 38 0
22 34 0
195 9 0
189 1 0
193 19 0
198 76 1
196 68 1
198 56 1
184 54 1
179 44 1
178 31 1
171 28 1
160 22 1
160 11 1
158 4 1
148 2 1
182 195 1
170 195 1
159 187 1
157 178 1
139 173 1
143 158 1
129 152 1
131 140 1
117 132 1
113 120 1
110 114 1
102 110 1
96 93 1
84 87 1
77 81 1
74 73 1
73 65 1
69 56 1
61 46 1
55 37 1
52 29 1
48 25 1
46 16 1
42 2 1
108 51 1
176 6 1
