18 101 0
32 100 0
33 91 0
25 79 0
15 67 0
1 62 0
2 20 0
13 8 0
25 1 0
50 1 0
67 1 0
83 5 0
99 15 0
105 36 0
80 52 0
71 37 0
56 27 0
40 23 0
34 52 0
20 52 0
42 70 0
60 92 0
58 51 0
74 73 0
83 68 0
88 84 0
111 66 0
127 37 0
135 36 0
171 46 0
179 38 0
197 42 0
169 2 0
3 190 1
5 182 1
2 170 1
27 188 1
24 170 1
18 162 1
14 150 1
1 151 1
10 133 1
18 141 1
30 153 1
47 151 1
40 139 1
39 129 1
26 130 1
11 124 1
32 117 1
48 123 1
52 116 1
64 117 1
74 124 1
65 135 1
90 127 1
101 117 1
81 115 1
78 103 1
90 103 1
89 111 1
102 99 1
97 89 1
112 92 1
117 103 1
133 111 1
131 100 1
123 86 1
134 87 1
143 80 1
151 71 1
149 89 1
144 95 1
154 100 1
160 84 1
163 72 1
172 76 1
176 91 1
184 96 1
194 97 1
197 83 1
196 68 1
187 78 1
184 65 1
