10 17 0
2 25 0
4 45 0
14 48 0
3 57 0
5 67 0
11 83 0
15 79 0
25 81 0
34 77 0
27 94 0
11 109 0
8 123 0
25 127 0
47 141 0
56 163 0
66 198 0
66 158 0
78 164 0
84 190 0
84 199 0
91 198 0
102 195 0
107 181 0
111 160 0
96 155 0
86 152 0
92 141 0
76 123 0
61 100 0
87 119 0
100 130 0
106 113 0
124 128 0
136 129 0
142 147 0
141 178 0
150 184 0
144 192 0
126 176 0
126 188 0
124 198 0
165 185 0
176 182 0
189 194 0
198 161 0
181 144 0
170 150 0
163 139 0
174 124 0
192 112 0
198 126 0
156 118 0
144 112 0
128 104 0
118 86 0
129 71 0
135 63 0
167 89 0
180 58 0
193 69 0
197 54 0
181 71 0
161 51 0
165 40 0
165 17 0
177 17 0
138 5 0
121 19 0
117 23 0
129 34 0
128 51 0
115 53 0
107 52 0
107 68 0
93 63 0
94 52 0
84 62 0
83 80 0
85 93 0
62 70 0
44 95 0
53 59 0
53 64 0
34 26 0
54 35 0
68 23 0
73 27 0
75 43 0
69 59 0
81 27 0
88 23 0
91 30 0
100 33 0
108 39 0
112 34 0
105 13 0
96 12 0
