8 56 0
15 48 0
16 33 0
34 23 0
21 13 0
52 13 0
64 24 0
72 24 0
82 21 0
73 49 0
61 44 0
52 49 0
34 52 0
26 72 0
6 84 0
14 74 0
28 79 0
40 72 0
47 77 0
57 72 0
87 53 0
111 52 0
98 21 0
87 2 0
126 54 0
125 42 0
139 47 0
147 58 0
159 58 0
166 41 0
153 43 0
154 28 0
148 16 0
160 5 0
174 27 0
184 41 0
183 67 0
194 56 0
176 59 0
189 68 0
113 64 0
98 73 0
133 67 0
13 108 0
32 96 0
28 106 0
52 99 0
75 93 0
88 94 0
102 91 0
116 87 0
116 97 0
125 99 0
114 109 0
86 108 0
73 118 0
55 135 0
37 121 0
9 134 0
1 142 0
25 169 0
90 162 0
77 149 0
72 163 0
75 174 0
40 142 0
124 130 0
115 127 0
135 143 0
149 147 0
139 159 0
146 160 0
160 141 0
174 150 0
177 126 0
162 113 0
139 112 0
147 91 0
145 80 0
167 83 0
176 82 0
166 98 0
154 98 0
182 96 0
180 110 0
196 98 0
195 91 0
199 107 0
199 161 0
192 138 0
199 136 0
190 196 0
176 196 0
183 185 0
159 196 0
153 193 0
161 183 0
145 189 0
137 196 0
126 197 0
108 189 0
115 182 0
129 170 0
118 156 0
29 197 0
162 163 0
38 131 0
52 143 0
94 138 0
