80 19 1
85 38 1
95 51 1
104 49 1
98 37 1
98 29 1
95 16 1
87 9 1
91 3 1
79 1 1
109 2 1
104 10 1
106 21 1
116 29 1
112 40 1
126 29 1
121 19 1
118 10 1
129 10 1
131 21 1
137 16 1
135 4 1
145 3 1
151 11 1
161 4 1
142 26 1
53 8 0
63 36 0
47 19 0
37 5 0
29 1 0
18 16 0
6 27 0
16 33 0
32 26 0
35 40 0
54 47 0
50 59 0
38 64 0
32 59 0
21 60 0
12 58 0
0 46 0
0 46 0
13 75 0
1 76 0
18 90 0
28 79 0
34 88 0
44 89 0
55 101 0
35 100 0
32 108 0
18 123 0
3 104 0
45 141 0
24 139 0
49 124 0
37 122 0
51 115 0
61 124 0
34 157 0
20 153 0
22 170 0
21 187 0
8 190 0
20 196 0
31 197 0
67 186 0
74 193 0
103 178 0
111 186 0
102 156 0
97 137 0
83 137 0
91 123 0
98 116 0
97 101 0
97 101 0
126 83 0
117 91 0
118 102 0
127 125 0
137 121 0
118 135 0
121 142 0
121 150 0
137 153 0
151 146 0
157 129 0
164 147 0
143 172 0
160 164 0
154 158 0
164 179 0
173 197 0
182 186 0
198 193 0
191 132 0
193 119 0
169 119 0
157 90 0
142 96 0
180 100 0
194 90 0
199 100 0
193 68 0
186 64 0
191 53 0
198 55 0
170 14 0
167 35 0
165 41 0
199 4 0
