49 184 0
25 196 0
16 199 0
3 186 0
17 89 0
41 45 0
25 24 0
67 192 0
76 188 0
67 177 0
64 158 0
80 160 0
83 122 0
95 198 0
112 197 0
120 196 0
127 182 0
131 166 0
107 163 0
120 158 0
108 186 0
124 137 0
130 131 0
140 120 0
126 111 0
135 100 0
128 82 0
117 80 0
107 91 0
96 104 0
107 108 0
113 105 0
111 123 0
104 75 0
107 67 0
89 63 0
105 49 0
118 48 0
112 36 0
121 27 0
126 24 0
133 18 0
138 12 0
146 6 0
142 30 0
150 24 0
155 17 0
146 38 0
162 30 0
174 20 0
169 70 0
155 68 0
176 49 0
195 37 0
189 49 0
154 85 0
160 97 0
164 111 0
174 89 0
176 98 0
186 94 0
196 90 0
171 121 0
181 123 0
192 120 0
182 137 0
164 154 0
162 137 0
158 177 0
168 172 0
175 179 0
182 187 0
197 159 0
198 150 0
191 199 0
182 159 0
