8 31 0
32 51 0
25 37 0
37 37 0
52 37 0
62 26 0
67 16 0
86 24 0
111 15 0
116 26 0
123 30 0
137 16 0
139 28 0
163 15 0
182 21 0
174 14 0
158 27 0
145 41 0
138 51 0
117 38 0
122 52 0
119 60 0
106 53 0
91 42 0
99 35 0
93 58 0
79 67 0
82 63 0
82 80 0
87 87 0
76 91 0
70 99 0
63 78 0
50 82 0
3 69 0
14 104 0
24 101 0
36 96 0
5 129 0
19 126 0
33 123 0
35 111 0
44 115 0
46 105 0
67 109 0
67 129 0
57 137 0
65 150 0
46 162 0
36 164 0
43 171 0
25 171 0
14 183 0
1 157 0
4 191 0
15 197 0
31 190 0
42 196 0
57 198 0
77 190 0
76 178 0
65 164 0
73 160 0
83 167 0
87 175 0
90 197 0
57 51 0
93 141 0
103 166 0
98 158 0
100 116 0
95 108 0
99 96 0
97 90 0
106 81 0
110 70 0
105 58 0
106 181 0
126 165 0
117 144 0
124 137 0
123 116 0
136 141 0
145 136 0
153 130 0
132 177 0
156 167 0
143 185 0
151 185 0
138 196 0
166 191 0
179 180 0
177 189 0
191 194 0
171 171 0
154 196 0
150 118 0
144 108 0
154 110 0
168 104 0
163 109 0
170 121 0
133 103 0
132 94 0
143 98 0
137 83 0
154 89 0
134 73 0
157 80 0
154 70 0
144 73 0
172 52 0
165 40 0
167 66 0
155 46 0
177 64 0
180 77 0
195 70 0
1 64 0
189 40 0
174 41 0
199 38 0
199 157 0
197 172 0
188 169 0
131 160 0
131 54 0
3 18 1
5 10 1
14 14 1
9 2 1
19 18 1
26 16 1
28 5 1
15 5 1
32 11 1
37 4 1
47 9 1
46 2 1
53 4 1
64 2 1
76 4 1
79 11 1
91 8 1
92 2 1
110 5 1
102 5 1
118 5 1
124 1 1
155 1 1
178 1 1
