22 1 1
21 12 1
18 23 1
15 35 1
1 46 1
12 45 1
5 35 1
7 26 1
199 194 1
193 186 1
186 190 1
184 197 1
39 9 0
47 11 0
55 3 0
50 39 0
44 31 0
28 41 0
37 29 0
62 28 0
69 36 0
100 20 0
64 53 0
88 49 0
45 51 0
32 55 0
26 68 0
19 75 0
11 72 0
6 62 0
81 75 0
91 84 0
59 70 0
66 66 0
143 41 0
181 39 0
175 35 0
176 50 0
164 66 0
183 61 0
188 72 0
155 79 0
120 72 0
109 79 0
114 64 0
114 48 0
96 11 0
16 197 0
21 183 0
31 179 0
46 184 0
60 178 0
82 177 0
82 190 0
106 188 0
119 182 0
117 172 0
127 171 0
141 170 0
153 163 0
176 170 0
177 157 0
61 159 0
36 158 0
9 149 0
23 146 0
18 144 0
26 135 0
43 138 0
49 128 0
72 120 0
91 123 0
88 151 0
99 145 0
103 134 0
135 150 0
116 143 0
111 129 0
128 130 0
121 118 0
138 130 0
156 127 0
169 137 0
157 137 0
167 192 0
58 142 0
9 135 0
17 104 0
191 106 0
199 113 0
167 100 0
153 90 0
125 91 0
138 99 0
131 110 0
125 104 0
110 101 0
96 115 0
85 109 0
2 161 0
48 95 0
56 96 0
8 88 0
166 24 0
59 50 0
114 90 0
40 104 0
