6 3 0
21 7 0
12 18 0
18 44 0
21 53 0
1 66 0
2 83 0
6 92 0
9 112 0
29 92 0
33 30 0
44 32 0
49 31 0
46 11 0
54 2 0
79 3 0
98 10 0
99 20 0
96 29 0
126 1 0
118 23 0
131 21 0
147 12 0
162 9 0
174 2 0
188 9 0
160 20 0
158 32 0
161 39 0
168 29 0
188 37 0
176 54 0
198 67 0
176 74 0
159 85 0
162 60 0
147 46 0
140 53 0
130 33 0
125 39 0
117 57 0
91 61 0
83 49 0
93 53 0
69 57 0
103 73 0
95 83 0
74 85 0
70 95 0
57 111 0
30 120 0
24 136 0
14 150 0
2 141 0
2 154 0
14 164 0
2 174 0
9 184 0
7 195 0
35 146 0
48 135 0
40 187 0
65 188 0
84 151 0
77 136 0
73 125 0
94 105 0
124 105 0
141 91 0
129 113 0
117 118 0
111 124 0
110 140 0
120 129 0
125 134 0
137 139 0
135 147 0
156 139 0
148 131 0
154 125 0
164 118 0
164 109 0
184 119 0
186 149 0
193 162 0
190 169 0
191 176 0
179 185 0
172 195 0
142 180 0
119 181 0
117 195 0
102 176 0
91 195 0
88 72 0
