68 1 0
76 7 0
78 31 0
61 31 0
59 61 0
49 43 0
28 48 0
20 61 0
3 77 0
15 77 0
13 84 0
33 77 0
41 74 0
32 62 0
1 107 0
3 199 0
37 199 0
55 192 0
71 173 0
88 163 0
83 178 0
83 187 0
76 195 0
94 168 0
120 167 0
115 194 0
144 197 0
154 174 0
174 176 0
163 187 0
181 149 0
199 143 0
191 188 0
182 139 0
168 150 0
36 19 1
36 9 1
28 15 1
24 5 1
9 3 1
13 11 1
19 23 1
25 32 1
13 28 1
4 29 1
4 43 1
16 119 1
17 104 1
25 113 1
32 103 1
37 98 1
48 94 1
64 94 1
68 87 1
74 81 1
84 82 1
86 72 1
86 56 1
95 53 1
96 43 1
99 38 1
103 29 1
104 18 1
102 9 1
99 3 1
116 3 1
15 168 1
26 170 1
39 171 1
50 161 1
129 154 1
137 144 1
147 157 1
157 140 1
150 136 1
161 123 1
151 108 1
164 112 1
168 105 1
183 112 1
187 100 1
176 94 1
164 76 1
179 79 1
186 90 1
195 84 1
188 70 1
181 57 1
180 44 1
197 65 1
197 52 1
198 38 1
197 31 1
197 18 1
