142 113 1
132 126 1
142 150 1
151 160 1
143 170 1
159 174 1
172 160 1
170 178 1
185 181 1
194 180 1
36 6 0
25 8 0
11 10 0
51 9 0
65 7 0
64 26 0
52 19 0
57 33 0
69 36 0
81 30 0
110 2 0
108 20 0
123 16 0
123 22 0
144 12 0
176 5 0
178 29 0
150 33 0
132 38 0
126 35 0
30 31 0
19 29 0
11 42 0
11 60 0
16 60 0
3 78 0
2 89 0
7 106 0
17 82 0
33 69 0
46 54 0
31 91 0
40 86 0
49 75 0
58 67 0
67 67 0
67 67 0
67 67 0
79 82 0
93 70 0
105 55 0
106 77 0
157 65 0
153 81 0
151 89 0
161 101 0
172 98 0
184 87 0
181 95 0
181 76 0
163 77 0
1 91 0
1 96 0
197 111 0
133 106 0
109 115 0
103 100 0
96 110 0
92 125 0
117 159 0
113 140 0
100 149 0
102 158 0
83 174 0
75 186 0
74 197 0
58 197 0
64 185 0
59 176 0
1 195 0
13 199 0
1 174 0
11 167 0
18 188 0
31 171 0
45 171 0
37 154 0
45 147 0
37 135 0
53 115 0
55 136 0
61 140 0
82 154 0
74 102 0
15 136 0
23 132 0
155 197 0
172 197 0
181 197 0
181 197 0
