142 18 0
134 6 0
168 19 0
178 51 0
134 65 0
126 79 0
119 98 0
127 100 0
146 91 0
111 125 0
122 126 0
133 142 0
179 163 0
124 197 0
118 194 0
119 188 0
151 52 0
9 197 1
20 194 1
31 191 1
34 198 1
42 198 1
42 191 1
54 199 1
61 190 1
47 177 1
61 178 1
75 183 1
70 168 1
61 164 1
81 166 1
47 164 1
36 167 1
4 189 1
11 184 1
22 181 1
28 175 1
1 182 1
6 177 1
15 172 1
21 164 1
4 167 1
2 156 1
14 157 1
30 157 1
39 155 1
77 154 1
61 149 1
45 144 1
24 147 1
14 142 1
3 145 1
7 135 1
1 131 1
18 131 1
27 137 1
73 144 1
64 139 1
60 130 1
53 137 1
75 132 1
70 122 1
91 126 1
44 132 1
45 122 1
32 124 1
20 117 1
8 112 1
0 118 1
45 113 1
40 105 1
21 104 1
28 99 1
43 91 1
52 99 1
55 105 1
66 112 1
69 104 1
64 97 1
56 88 1
82 110 1
82 104 1
77 94 1
76 86 1
69 86 1
95 93 1
94 80 1
80 80 1
85 71 1
18 92 1
8 98 1
8 84 1
30 77 1
26 88 1
19 71 1
2 72 1
12 59 1
40 59 1
39 70 1
63 77 1
73 70 1
97 68 1
99 61 1
109 54 1
84 62 1
84 49 1
71 53 1
2 61 1
1 49 1
2 42 1
10 27 1
3 14 1
4 4 1
18 16 1
55 34 1
68 15 1
97 42 1
83 36 1
106 32 1
107 18 1
122 22 1
110 15 1
123 7 1
98 1 1
120 52 1
116 44 1
121 31 1
65 45 1
53 50 1
58 59 1
63 8 1
93 16 1
22 8 1
93 105 1
15 82 1
