13 1 0
2 3 0
4 13 0
25 8 0
52 13 0
66 20 0
59 6 0
70 6 0
79 13 0
85 21 0
89 9 0
122 2 0
131 4 0
125 17 0
115 20 0
111 26 0
99 33 0
119 34 0
138 39 0
143 34 0
135 24 0
151 15 0
170 5 0
163 25 0
169 34 0
183 30 0
195 19 0
189 41 0
195 46 0
189 56 0
187 66 0
174 71 0
171 45 0
162 47 0
154 61 0
136 63 0
165 73 0
180 94 0
196 81 0
198 123 0
195 155 0
199 162 0
183 161 0
171 151 0
157 129 0
140 115 0
125 96 0
113 87 0
109 75 0
96 68 0
98 54 0
86 39 0
79 36 0
83 65 0
86 81 0
70 73 0
55 46 0
52 35 0
36 27 0
29 54 0
24 40 0
41 62 0
47 53 0
51 73 0
48 92 0
63 91 0
63 102 0
56 109 0
73 93 0
83 112 0
70 111 0
70 124 0
82 129 0
91 121 0
99 108 0
112 115 0
123 111 0
94 93 0
31 72 0
23 60 0
17 81 0
4 71 0
4 87 0
8 56 0
3 51 0
4 29 0
26 93 0
19 104 0
27 110 0
26 126 0
24 147 0
30 170 0
37 179 0
55 177 0
48 163 0
57 154 0
52 127 0
42 120 0
67 149 0
65 136 0
75 155 0
77 166 0
85 171 0
76 177 0
76 191 0
64 193 0
33 199 0
9 177 0
1 171 0
106 163 0
107 179 0
100 188 0
109 199 0
118 195 0
134 197 0
155 177 0
150 148 0
166 191 0
188 194 0
166 127 0
