13 16 0
13 35 0
2 42 0
19 54 0
35 61 0
44 37 0
33 16 0
31 4 0
54 17 0
69 5 0
86 10 0
93 25 0
116 26 0
110 39 0
102 56 0
81 43 0
73 58 0
55 36 0
60 62 0
15 88 0
40 82 0
52 87 0
73 87 0
66 77 0
82 92 0
97 92 0
122 62 0
134 39 0
148 57 0
136 61 0
9 148 0
46 136 0
37 123 0
85 188 0
90 186 0
119 197 0
114 181 0
127 166 0
143 186 0
188 194 0
198 181 0
175 165 0
150 162 0
199 151 0
173 199 0
167 183 0
170 132 0
162 144 0
80 111 0
95 111 0
134 129 0
138 120 0
146 108 0
150 122 0
170 109 0
146 91 0
197 73 0
111 84 0
129 83 0
87 78 0
55 176 0
139 165 0
117 122 0
55 5 0
