199 111 1
193 98 1
186 109 1
178 99 1
186 84 1
172 91 1
164 99 1
166 110 1
151 104 1
151 113 1
153 125 1
141 120 1
142 132 1
143 142 1
144 153 1
144 164 1
140 174 1
145 183 1
149 199 1
2 9 0
8 15 0
10 34 0
14 42 0
0 49 0
0 49 0
26 35 0
42 6 0
50 1 0
87 1 0
94 7 0
110 3 0
123 1 0
120 11 0
119 19 0
109 9 0
103 22 0
109 27 0
125 29 0
120 35 0
142 2 0
152 12 0
164 1 0
172 28 0
197 34 0
198 46 0
173 58 0
165 52 0
156 51 0
153 40 0
142 55 0
157 78 0
149 78 0
143 94 0
140 72 0
129 74 0
124 86 0
126 97 0
132 116 0
112 114 0
102 115 0
111 103 0
112 78 0
110 61 0
103 67 0
86 61 0
92 59 0
98 46 0
86 35 0
85 25 0
78 17 0
66 32 0
76 51 0
49 69 0
57 85 0
74 83 0
91 83 0
100 128 0
102 137 0
113 151 0
104 165 0
98 158 0
108 184 0
131 193 0
110 198 0
96 198 0
87 196 0
77 199 0
67 197 0
86 188 0
87 179 0
79 167 0
71 156 0
61 174 0
39 189 0
25 189 0
3 184 0
16 169 0
26 170 0
38 172 0
59 152 0
85 128 0
68 122 0
45 141 0
30 143 0
21 148 0
6 150 0
2 161 0
19 126 0
24 114 0
37 113 0
41 105 0
52 112 0
64 103 0
67 93 0
37 90 0
29 75 0
27 88 0
19 97 0
17 85 0
6 93 0
9 77 0
13 68 0
20 61 0
62 119 0
76 147 0
50 156 0
