140 193 1
153 196 1
136 183 1
149 183 1
152 174 1
160 183 1
166 173 1
179 164 1
164 163 1
156 157 1
168 150 1
176 136 1
195 109 1
187 119 1
179 126 1
153 12 0
160 15 0
187 9 0
196 31 0
175 49 0
139 33 0
140 53 0
38 13 0
36 18 0
31 24 0
14 18 0
25 9 0
100 11 0
96 35 0
71 31 0
69 44 0
68 58 0
93 59 0
91 72 0
80 77 0
95 83 0
135 85 0
143 83 0
181 67 0
17 37 0
4 44 0
3 62 0
32 68 0
43 35 0
38 43 0
46 75 0
57 73 0
178 105 0
168 93 0
158 104 0
160 108 0
151 94 0
148 101 0
134 116 0
157 121 0
149 139 0
141 148 0
20 118 0
31 124 0
40 133 0
54 127 0
81 126 0
85 115 0
78 103 0
97 102 0
108 122 0
110 144 0
115 153 0
103 159 0
109 167 0
83 183 0
74 167 0
60 180 0
48 186 0
51 154 0
25 147 0
4 96 0
7 123 0
9 134 0
3 147 0
5 185 0
23 181 0
18 164 0
26 167 0
33 197 0
37 166 0
140 173 0
168 34 0
1 1 0
90 171 0
47 198 0
1 127 0
183 59 0
106 35 0
