87 6 1
96 9 1
105 4 1
117 9 1
132 8 1
137 11 1
142 6 1
153 13 1
150 4 1
117 23 1
96 16 1
108 21 1
135 21 1
125 23 1
126 14 1
124 3 1
117 71 1
108 71 1
96 73 1
88 65 1
94 56 1
103 45 1
108 58 1
114 60 1
122 59 1
128 64 1
135 58 1
127 54 1
116 44 1
119 39 1
148 66 1
141 67 1
130 73 1
144 77 1
151 73 1
116 80 1
106 78 1
106 86 1
115 89 1
125 83 1
137 85 1
144 88 1
153 82 1
161 100 1
152 96 1
159 89 1
143 96 1
140 100 1
131 98 1
125 95 1
108 94 1
94 91 1
90 185 1
82 193 1
78 182 1
87 176 1
96 175 1
87 169 1
87 161 1
99 167 1
97 159 1
92 152 1
95 145 1
83 147 1
87 139 1
105 140 1
112 139 1
120 133 1
107 133 1
88 126 1
93 119 1
81 117 1
88 104 1
95 99 1
107 104 1
103 109 1
95 112 1
103 123 1
96 134 1
109 113 1
115 105 1
117 117 1
114 126 1
123 121 1
125 109 1
144 115 1
158 115 1
171 106 1
149 107 1
188 133 1
174 139 1
167 141 1
165 132 1
159 132 1
159 140 1
148 141 1
146 134 1
149 125 1
142 129 1
134 127 1
134 120 1
141 122 1
76 112 1
187 195 1
188 187 1
179 187 1
190 178 1
183 175 1
177 174 1
190 165 1
177 161 1
198 156 1
185 155 1
143 148 1
137 151 1
129 149 1
114 147 1
105 150 1
110 156 1
116 153 1
128 140 1
136 138 1
161 123 1
155 149 1
145 157 1
135 164 1
125 165 1
114 163 1
123 158 1
130 156 1
109 174 1
124 173 1
119 174 1
129 173 1
137 180 1
128 187 1
121 190 1
111 193 1
112 185 1
103 181 1
102 190 1
88 199 1
96 196 1
130 198 1
118 198 1
136 192 1
143 192 1
153 196 1
157 190 1
168 185 1
160 181 1
171 178 1
170 167 1
165 173 1
156 172 1
159 164 1
150 167 1
144 165 1
142 176 1
143 172 1
150 175 1
147 185 1
54 103 0
54 96 0
145 48 0
144 40 0
189 44 0
165 54 0
159 22 0
149 30 0
186 116 0
73 6 0
20 7 0
20 45 0
9 41 0
2 39 0
3 65 0
38 55 0
32 33 0
24 26 0
54 24 0
57 37 0
46 38 0
63 65 0
59 61 0
53 56 0
80 52 0
79 75 0
52 73 0
38 96 0
18 96 0
12 112 0
71 103 0
63 124 0
57 134 0
47 129 0
26 140 0
64 154 0
42 164 0
50 189 0
52 176 0
60 171 0
2 5 0
166 40 0
170 85 0
59 182 0
