71 13 1
56 14 1
47 20 1
65 25 1
41 32 1
53 43 1
67 47 1
32 47 1
29 55 1
40 60 1
33 69 1
53 74 1
29 81 1
24 87 1
25 96 1
37 99 1
58 93 1
20 104 1
28 104 1
27 117 1
13 121 1
52 119 1
36 110 1
66 120 1
33 132 1
34 140 1
49 140 1
58 134 1
41 152 1
50 157 1
63 142 1
69 147 1
61 163 1
69 167 1
77 148 1
83 164 1
92 148 1
93 168 1
100 156 1
108 163 1
115 160 1
121 151 1
125 139 1
133 140 1
139 136 1
144 127 1
151 120 1
146 99 1
164 107 1
165 91 1
153 93 1
149 82 1
161 115 1
171 83 1
166 69 1
178 64 1
179 49 1
164 53 1
169 39 1
152 33 1
164 29 1
158 18 1
154 13 1
147 3 1
137 2 1
111 2 1
89 11 1
163 79 1
35 2 0
21 3 0
2 38 0
15 38 0
9 178 0
30 177 0
35 191 0
49 182 0
60 196 0
72 185 0
90 194 0
113 188 0
119 183 0
131 174 0
151 169 0
154 153 0
142 158 0
164 190 0
163 145 0
172 130 0
174 145 0
197 156 0
190 114 0
198 62 0
195 40 0
192 15 0
188 2 0
102 80 0
107 81 0
98 95 0
