41 3 0
78 1 0
110 4 0
120 2 0
95 13 0
87 13 0
87 25 0
106 17 0
113 23 0
71 32 0
66 39 0
52 38 0
44 48 0
40 39 0
32 60 0
43 91 0
57 87 0
60 75 0
67 95 0
80 97 0
87 76 0
92 117 0
100 121 0
120 132 0
121 149 0
147 165 0
165 150 0
172 127 0
127 106 0
127 80 0
105 80 0
97 75 0
86 63 0
74 67 0
82 48 0
80 58 0
95 54 0
100 51 0
107 52 0
104 66 0
101 34 0
126 28 0
125 49 0
137 59 0
156 44 0
169 35 0
187 33 0
199 63 0
169 60 0
151 63 0
142 69 0
144 82 0
11 10 1
8 21 1
7 35 1
15 34 1
15 44 1
6 46 1
3 55 1
17 60 1
8 68 1
1 70 1
17 78 1
7 84 1
19 89 1
6 94 1
5 105 1
20 103 1
21 114 1
1 122 1
7 124 1
11 132 1
3 136 1
20 130 1
37 127 1
48 125 1
51 135 1
45 143 1
37 141 1
42 135 1
27 138 1
19 138 1
18 144 1
0 148 1
5 156 1
6 160 1
11 149 1
16 155 1
25 156 1
28 147 1
31 158 1
31 170 1
20 165 1
8 169 1
12 174 1
25 176 1
24 189 1
11 185 1
16 193 1
8 197 1
25 198 1
63 136 1
78 134 1
84 141 1
90 151 1
80 165 1
96 163 1
89 175 1
101 177 1
109 182 1
97 188 1
89 195 1
108 192 1
196 112 1
195 123 1
199 136 1
188 135 1
193 146 1
188 152 1
188 162 1
198 173 1
182 173 1
194 192 1
180 196 1
