0 194 1
3 185 1
1 173 1
5 156 1
1 145 1
15 133 1
23 140 1
22 152 1
14 167 1
29 126 1
6 127 1
22 116 1
43 115 1
35 102 1
27 96 1
15 104 1
12 91 1
37 85 1
31 76 1
43 71 1
32 65 1
16 75 1
20 64 1
10 65 1
2 71 1
33 53 1
41 48 1
26 43 1
17 49 1
15 40 1
3 51 1
6 30 1
1 38 1
2 20 1
47 141 0
28 172 0
51 169 0
66 174 0
83 159 0
75 148 0
76 198 0
87 191 0
96 198 0
102 178 0
111 182 0
127 176 0
110 163 0
129 157 0
139 158 0
158 156 0
158 174 0
170 183 0
170 196 0
152 199 0
199 174 0
199 152 0
197 128 0
182 128 0
139 124 0
113 137 0
108 129 0
98 122 0
86 128 0
79 120 0
76 131 0
67 108 0
77 88 0
64 82 0
56 82 0
70 44 0
112 74 0
87 64 0
129 67 0
158 83 0
163 71 0
161 60 0
188 66 0
191 48 0
183 44 0
171 38 0
166 41 0
157 44 0
153 29 0
162 20 0
157 12 0
171 10 0
181 9 0
188 12 0
195 19 0
198 4 0
134 14 0
122 1 0
136 32 0
117 40 0
110 32 0
95 33 0
76 24 0
57 31 0
57 19 0
43 17 0
36 27 0
24 19 0
50 37 0
