6 2 0
6 11 0
33 9 0
20 26 0
31 34 0
38 39 0
52 33 0
2 43 0
9 51 0
20 50 0
17 61 0
28 59 0
21 83 0
36 83 0
30 93 0
17 95 0
1 94 0
3 107 0
17 111 0
10 122 0
14 137 0
1 151 0
21 151 0
21 127 0
28 130 0
39 125 0
40 104 0
48 117 0
67 7 0
74 13 0
83 26 0
91 36 0
91 44 0
99 48 0
96 60 0
80 58 0
65 61 0
71 82 0
70 103 0
74 116 0
79 135 0
100 142 0
111 140 0
88 106 0
89 95 0
97 85 0
110 64 0
92 18 0
105 18 0
110 31 0
124 25 0
129 0 0
136 18 0
151 19 0
161 21 0
170 3 0
180 1 0
199 7 0
193 12 0
199 32 0
186 32 0
179 26 0
170 40 0
147 41 0
142 57 0
130 63 0
123 69 0
118 78 0
123 89 0
115 96 0
105 100 0
105 110 0
126 102 0
134 108 0
136 115 0
131 125 0
119 128 0
124 144 0
130 150 0
146 130 0
149 114 0
143 101 0
150 81 0
143 76 0
161 64 0
173 63 0
174 78 0
198 82 0
199 95 0
183 95 0
182 103 0
186 121 0
190 134 0
194 146 0
198 165 0
178 147 0
162 133 0
170 129 0
161 121 0
159 110 0
164 88 0
169 98 0
173 113 0
164 78 0
194 180 0
198 197 0
190 187 0
180 181 0
180 196 0
147 198 0
159 191 0
147 181 0
139 173 0
136 189 0
114 158 0
80 159 0
64 157 0
52 168 0
62 181 0
45 170 0
34 167 0
28 170 0
23 185 0
8 187 0
24 198 0
34 199 0
53 198 0
