10 198 1
26 193 1
20 193 1
40 192 1
39 179 1
52 194 1
50 182 1
60 185 1
69 179 1
78 176 1
88 173 1
94 180 1
85 187 1
72 192 1
92 166 1
106 173 1
118 169 1
116 159 1
132 166 1
133 180 1
116 181 1
146 176 1
141 164 1
136 157 1
152 169 1
161 168 1
173 162 1
168 152 1
186 157 1
197 161 1
192 173 1
12 170 0
36 166 0
63 155 0
81 159 0
133 147 0
185 136 0
169 134 0
155 116 0
190 116 0
197 105 0
169 104 0
177 90 0
165 85 0
187 84 0
192 58 0
183 52 0
187 36 0
161 27 0
152 34 0
152 51 0
157 65 0
134 74 0
113 102 0
119 113 0
111 127 0
86 123 0
107 94 0
94 71 0
97 53 0
85 49 0
106 27 0
112 8 0
122 0 0
179 1 0
52 3 0
59 11 0
60 21 0
61 36 0
32 6 0
34 16 0
36 28 0
34 49 0
28 60 0
3 59 0
21 69 0
34 71 0
49 74 0
57 86 0
62 93 0
58 104 0
47 93 0
39 86 0
17 100 0
11 108 0
36 112 0
43 122 0
16 145 0
2 146 0
3 131 0
7 155 0
1 167 0
