74 28 0
84 34 0
92 35 0
83 42 0
87 23 0
90 5 0
118 8 0
133 11 0
141 3 0
170 3 0
164 13 0
189 41 0
189 54 0
173 36 0
164 35 0
153 34 0
122 37 0
137 54 0
153 54 0
169 56 0
177 75 0
189 91 0
174 98 0
158 74 0
152 93 0
129 88 0
119 69 0
98 78 0
100 100 0
107 93 0
129 110 0
135 121 0
157 119 0
166 125 0
161 132 0
183 127 0
183 136 0
169 144 0
158 146 0
150 152 0
145 160 0
144 140 0
140 149 0
106 110 0
105 118 0
99 114 0
83 117 0
71 131 0
60 121 0
32 130 0
44 135 0
7 146 0
1 154 0
2 167 0
3 179 0
32 164 0
36 155 0
49 156 0
58 147 0
70 165 0
56 178 0
49 184 0
43 194 0
48 173 0
39 173 0
86 153 0
105 144 0
111 159 0
94 165 0
105 181 0
95 199 0
121 177 0
129 171 0
157 168 0
168 163 0
181 162 0
199 160 0
168 171 0
148 180 0
148 193 0
130 191 0
170 190 0
199 198 0
86 100 0
2 9 1
9 15 1
22 14 1
20 22 1
8 30 1
1 44 1
15 32 1
25 27 1
22 40 1
19 51 1
36 33 1
33 44 1
42 39 1
52 27 1
60 36 1
48 48 1
66 56 1
60 64 1
76 64 1
76 72 1
59 74 1
74 83 1
65 88 1
61 96 1
56 105 1
53 111 1
44 110 1
34 93 1
33 104 1
32 115 1
16 116 1
6 116 1
2 129 1
