3 37 1
12 19 1
7 26 1
3 4 1
15 5 1
28 10 1
34 17 1
40 8 1
53 11 1
60 7 1
66 5 1
74 3 1
3 53 0
12 46 0
1 64 0
13 67 0
36 40 0
52 30 0
45 48 0
45 69 0
25 80 0
18 93 0
12 87 0
28 89 0
38 96 0
43 83 0
58 84 0
49 92 0
58 104 0
65 116 0
71 119 0
87 120 0
67 126 0
51 123 0
35 123 0
37 132 0
38 149 0
21 161 0
4 116 0
4 170 0
18 180 0
31 183 0
47 197 0
62 193 0
53 175 0
47 162 0
73 156 0
87 171 0
93 181 0
108 178 0
120 170 0
114 192 0
127 153 0
117 147 0
102 148 0
95 134 0
111 129 0
116 101 0
113 92 0
102 93 0
78 109 0
79 81 0
92 67 0
91 84 0
105 75 0
113 79 0
110 63 0
122 64 0
130 52 0
121 79 0
125 33 0
103 27 0
101 17 0
104 5 0
90 9 0
84 33 0
139 12 0
136 1 0
161 4 0
172 1 0
177 9 0
199 17 0
196 35 0
182 36 0
193 67 0
185 83 0
184 107 0
161 93 0
161 114 0
154 117 0
162 125 0
181 125 0
195 142 0
194 156 0
188 169 0
175 179 0
175 164 0
159 159 0
166 182 0
157 194 0
138 189 0
