55 181 0
60 196 0
77 171 0
78 184 0
95 166 0
106 159 0
104 137 0
99 194 0
125 188 0
147 190 0
171 169 0
171 183 0
183 164 0
155 110 0
157 94 0
167 121 0
178 131 0
183 19 0
170 5 0
197 51 0
196 176 0
192 196 0
158 29 0
83 150 0
20 154 1
21 138 1
23 124 1
29 102 1
17 97 1
13 86 1
13 69 1
19 76 1
27 79 1
25 92 1
35 92 1
39 84 1
43 95 1
38 120 1
38 127 1
37 137 1
37 146 1
38 158 1
36 169 1
29 173 1
18 181 1
6 181 1
17 166 1
11 158 1
3 164 1
4 146 1
8 115 1
9 107 1
6 95 1
5 77 1
51 158 1
48 116 1
45 107 1
47 83 1
48 71 1
53 54 1
53 41 1
62 38 1
72 35 1
78 23 1
81 16 1
87 7 1
98 10 1
114 5 1
128 18 1
133 31 1
117 43 1
130 43 1
141 41 1
149 45 1
156 54 1
139 56 1
130 58 1
129 71 1
132 83 1
140 73 1
122 62 1
120 55 1
110 57 1
104 47 1
91 39 1
83 49 1
84 56 1
93 61 1
97 73 1
108 70 1
114 67 1
120 76 1
108 81 1
115 83 1
122 88 1
116 97 1
105 90 1
100 84 1
90 80 1
87 70 1
75 70 1
67 65 1
61 67 1
56 85 1
62 76 1
65 88 1
60 98 1
57 112 1
75 89 1
75 89 1
84 91 1
85 105 1
71 110 1
59 122 1
72 122 1
97 110 1
104 103 1
47 140 1
