188 91 1
198 93 1
192 83 1
181 76 1
184 67 1
172 67 1
178 61 1
167 61 1
160 63 1
149 63 1
152 52 1
142 45 1
128 38 1
121 26 1
108 30 1
100 19 1
97 4 1
85 9 1
124 35 1
141 55 1
12 9 0
9 25 0
52 15 0
56 26 0
42 29 0
59 36 0
97 48 0
105 58 0
123 63 0
101 69 0
66 71 0
11 55 0
18 46 0
2 46 0
16 41 0
35 64 0
26 76 0
2 78 0
22 101 0
35 86 0
49 82 0
65 92 0
134 79 0
125 90 0
111 84 0
103 85 0
88 94 0
92 105 0
74 107 0
60 120 0
51 102 0
14 123 0
82 119 0
100 119 0
117 115 0
128 103 0
112 99 0
150 93 0
176 105 0
162 120 0
172 126 0
139 110 0
131 118 0
1 90 0
5 109 0
168 89 0
37 194 0
18 163 0
35 161 0
48 157 0
35 142 0
42 143 0
2 143 0
56 148 0
2 192 0
81 195 0
68 179 0
56 164 0
108 191 0
99 174 0
119 177 0
126 189 0
140 190 0
131 176 0
130 164 0
144 159 0
142 172 0
170 192 0
171 174 0
192 177 0
188 191 0
196 167 0
191 151 0
148 130 0
148 138 0
118 135 0
95 148 0
90 140 0
80 141 0
88 131 0
77 42 0
