40 196 0
61 195 0
63 183 0
26 170 0
15 171 0
4 175 0
3 196 0
40 156 0
60 159 0
78 151 0
72 161 0
107 177 0
110 187 0
128 194 0
129 186 0
143 184 0
153 167 0
164 153 0
162 159 0
152 146 0
144 156 0
145 167 0
141 147 0
130 149 0
122 152 0
177 140 0
188 132 0
198 124 0
199 101 0
184 97 0
176 98 0
163 104 0
144 123 0
113 130 0
99 137 0
102 118 0
116 114 0
101 106 0
75 117 0
66 129 0
30 138 0
18 123 0
3 133 0
1 113 0
8 94 0
21 98 0
29 90 0
40 106 0
40 94 0
22 80 0
28 73 0
15 63 0
1 65 0
8 50 0
1 35 0
15 16 0
24 31 0
31 12 0
44 7 0
56 31 0
43 49 0
39 60 0
47 85 0
53 76 0
56 88 0
60 68 0
70 78 0
74 64 0
61 56 0
88 37 0
85 20 0
72 11 0
79 4 0
85 2 0
93 10 0
101 18 0
118 22 0
124 8 0
143 1 0
155 4 0
169 2 0
187 7 0
186 23 0
174 44 0
163 20 0
150 20 0
147 12 0
140 27 0
124 33 0
131 46 0
147 42 0
116 45 0
102 49 0
111 59 0
116 76 0
88 84 0
84 100 0
132 91 0
140 96 0
139 80 0
152 81 0
132 68 0
147 59 0
161 62 0
180 60 0
196 63 0
199 75 0
178 199 1
170 192 1
178 184 1
169 179 1
177 171 1
179 164 1
189 159 1
197 150 1
