3 3 0
1 18 0
11 24 0
28 20 0
38 24 0
34 35 0
37 45 0
37 55 0
31 75 0
39 87 0
50 72 0
58 66 0
61 76 0
71 79 0
78 69 0
84 61 0
73 54 0
66 47 0
68 34 0
46 5 0
77 31 0
85 45 0
86 19 0
96 13 0
113 11 0
108 20 0
124 25 0
128 23 0
125 37 0
112 44 0
144 3 0
159 3 0
168 9 0
181 15 0
191 9 0
181 24 0
186 32 0
173 31 0
168 31 0
161 43 0
146 36 0
151 27 0
44 139 0
36 159 0
1 189 0
3 194 0
18 188 0
30 183 0
36 189 0
43 182 0
50 164 0
57 170 0
54 198 0
62 186 0
62 192 0
73 191 0
72 198 0
87 187 0
78 172 0
65 139 0
63 160 0
77 149 0
95 132 0
104 132 0
117 135 0
102 141 0
91 142 0
93 152 0
95 161 0
108 180 0
93 174 0
126 181 0
128 169 0
124 156 0
142 155 0
144 162 0
152 174 0
163 198 0
168 178 0
162 147 0
24 34 1
17 43 1
4 50 1
8 68 1
2 79 1
1 87 1
1 140 1
7 129 1
9 121 1
23 123 1
28 115 1
40 115 1
47 105 1
55 110 1
59 97 1
66 109 1
73 106 1
82 103 1
91 108 1
97 97 1
108 109 1
112 98 1
120 105 1
127 99 1
138 88 1
145 95 1
138 102 1
132 111 1
142 115 1
148 109 1
153 118 1
161 103 1
161 118 1
159 130 1
172 120 1
170 132 1
167 91 1
178 94 1
171 101 1
179 107 1
186 112 1
194 107 1
198 116 1
191 122 1
180 128 1
176 139 1
185 144 1
193 142 1
198 134 1
197 152 1
188 153 1
178 158 1
185 165 1
195 163 1
195 177 1
197 183 1
197 193 1
194 198 1
