5 7 0
21 30 0
19 44 0
18 55 0
25 9 0
34 13 0
38 8 0
29 1 0
57 16 0
57 21 0
69 23 0
79 12 0
60 1 0
106 18 0
100 19 0
110 2 0
128 15 0
139 15 0
188 17 0
192 44 0
151 40 0
134 33 0
107 40 0
80 49 0
46 49 0
39 70 0
33 88 0
49 88 0
65 77 0
61 66 0
82 68 0
98 77 0
108 71 0
113 84 0
95 90 0
102 98 0
115 55 0
128 55 0
123 65 0
154 61 0
62 194 0
75 178 0
15 196 0
11 179 0
1 182 0
5 169 0
1 156 0
20 170 0
20 164 0
68 158 0
104 158 0
190 149 0
138 136 0
106 132 0
88 141 0
96 140 0
73 134 0
81 126 0
64 144 0
36 131 0
11 137 0
17 117 0
50 110 0
59 104 0
65 102 0
84 114 0
105 119 0
160 101 0
4 104 0
6 76 0
124 91 0
122 81 0
163 76 0
139 89 0
78 199 1
85 196 1
93 190 1
104 197 1
106 184 1
97 181 1
118 190 1
117 176 1
126 169 1
131 185 1
137 168 1
150 175 1
150 164 1
147 160 1
158 162 1
158 171 1
167 161 1
166 181 1
168 191 1
181 163 1
185 174 1
192 179 1
193 186 1
193 196 1
181 194 1
174 176 1
192 162 1
