5 7 0
1 19 0
51 9 0
46 24 0
51 43 0
66 35 0
63 49 0
49 62 0
51 74 0
61 85 0
40 81 0
24 81 0
17 94 0
50 105 0
68 104 0
26 133 0
17 146 0
25 172 0
47 181 0
29 199 0
53 174 0
74 127 0
86 134 0
93 146 0
77 106 0
80 90 0
96 78 0
108 70 0
113 58 0
105 44 0
95 27 0
77 12 0
115 36 0
126 34 0
139 32 0
124 57 0
139 51 0
168 16 0
162 50 0
156 53 0
158 60 0
156 73 0
146 68 0
142 84 0
134 102 0
123 116 0
113 85 0
127 137 0
107 161 0
122 181 0
122 199 0
135 195 0
136 183 0
144 174 0
157 168 0
178 153 0
175 142 0
155 147 0
136 153 0
148 119 0
180 94 0
189 63 0
197 59 0
197 77 0
196 99 0
178 105 0
166 116 0
162 125 0
97 118 0
192 138 1
197 147 1
199 156 1
188 151 1
189 163 1
193 175 1
182 175 1
186 188 1
177 190 1
190 196 1
182 199 1
168 198 1
