171 199 1
182 190 1
184 183 1
184 170 1
186 153 1
192 141 1
193 132 1
189 120 1
177 132 1
186 107 1
179 110 1
178 94 1
195 83 1
155 97 1
160 105 1
150 126 1
145 114 1
135 129 1
123 138 1
110 158 1
100 176 1
95 189 1
86 189 1
91 199 1
192 53 0
174 70 0
163 80 0
151 85 0
143 77 0
116 77 0
128 99 0
122 108 0
116 117 0
106 137 0
94 156 0
82 166 0
73 195 0
65 194 0
67 180 0
53 176 0
81 151 0
77 141 0
68 138 0
48 144 0
35 133 0
8 154 0
49 165 0
42 177 0
74 116 0
101 89 0
78 96 0
62 102 0
60 111 0
48 106 0
3 102 0
9 66 0
13 56 0
30 80 0
42 75 0
69 62 0
30 48 0
28 33 0
14 5 0
62 3 0
49 14 0
45 44 0
81 40 0
86 35 0
84 11 0
113 5 0
129 2 0
163 2 0
168 10 0
151 35 0
124 22 0
107 25 0
98 20 0
94 44 0
190 43 0
130 83 0
