12 87 1
6 82 1
4 70 1
4 58 1
11 69 1
15 56 1
21 72 1
24 58 1
35 76 1
35 68 1
34 59 1
48 61 1
44 76 1
54 69 1
57 79 1
63 69 1
67 60 1
65 49 1
73 49 1
79 58 1
73 73 1
71 81 1
94 78 1
87 68 1
86 57 1
97 57 1
79 66 1
103 67 1
102 76 1
106 60 1
114 60 1
117 75 1
109 88 1
129 78 1
131 66 1
127 59 1
141 57 1
139 70 1
140 91 1
143 77 1
147 67 1
149 80 1
154 71 1
159 65 1
164 74 1
157 82 1
158 99 1
164 87 1
169 77 1
173 68 1
173 99 1
173 87 1
182 79 1
184 92 1
195 82 1
197 74 1
190 108 1
194 114 1
198 120 1
199 99 1
193 95 1
123 67 1
48 78 1
4 110 0
30 101 0
38 117 0
75 114 0
89 122 0
79 130 0
57 126 0
38 134 0
22 142 0
22 155 0
32 170 0
43 171 0
60 162 0
70 149 0
61 144 0
113 131 0
102 152 0
126 140 0
131 151 0
144 114 0
137 120 0
153 145 0
174 138 0
170 131 0
194 139 0
197 167 0
183 168 0
176 174 0
170 175 0
168 166 0
141 162 0
148 182 0
140 179 0
113 166 0
95 166 0
84 176 0
51 194 0
14 181 0
2 190 0
24 198 0
114 186 0
121 185 0
142 197 0
178 196 0
70 196 0
98 124 0
195 193 0
9 124 0
13 199 0
