2 41 0
5 54 0
3 23 0
14 21 0
18 36 0
27 29 0
37 26 0
33 8 0
9 36 0
59 28 0
63 13 0
73 14 0
88 29 0
68 41 0
78 41 0
99 15 0
108 24 0
117 12 0
110 2 0
117 32 0
121 20 0
131 38 0
134 29 0
141 21 0
136 8 0
162 17 0
169 10 0
173 2 0
175 19 0
187 12 0
199 5 0
198 21 0
190 40 0
159 45 0
165 34 0
140 35 0
172 53 0
151 59 0
147 73 0
163 79 0
147 95 0
158 96 0
160 104 0
164 91 0
181 94 0
193 88 0
192 110 0
170 121 0
156 120 0
161 127 0
147 130 0
134 132 0
129 117 0
118 118 0
118 130 0
141 105 0
120 103 0
129 96 0
119 83 0
122 71 0
133 76 0
103 127 0
82 129 0
97 107 0
85 111 0
84 100 0
73 103 0
68 91 0
80 87 0
93 86 0
87 77 0
66 81 0
67 73 0
94 54 0
76 57 0
63 55 0
54 67 0
54 84 0
61 124 0
38 94 0
36 81 0
43 72 0
33 66 0
34 53 0
21 67 0
13 76 0
23 81 0
30 117 0
41 108 0
40 130 0
67 30 0
151 3 0
176 66 0
173 131 0
45 141 0
56 136 0
62 143 0
56 153 0
60 161 0
57 173 0
67 177 0
66 168 0
79 164 0
85 179 0
86 196 0
106 189 0
104 182 0
104 170 0
102 156 0
103 143 0
80 142 0
126 186 0
115 179 0
137 176 0
125 164 0
129 159 0
124 154 0
132 143 0
155 145 0
163 158 0
175 154 0
179 145 0
191 146 0
189 134 0
197 159 0
186 185 0
179 197 0
162 198 0
162 187 0
141 192 0
199 190 0
197 199 0
199 174 0
167 178 0
199 124 0
199 113 0
