1 28 0
1 73 0
15 77 0
29 77 0
49 73 0
56 43 0
45 40 0
53 16 0
68 6 0
68 30 0
75 36 0
91 33 0
98 1 0
90 16 0
98 14 0
107 33 0
110 15 0
120 20 0
134 21 0
138 15 0
145 10 0
131 30 0
143 31 0
131 45 0
131 52 0
128 63 0
152 43 0
165 44 0
156 15 0
189 12 0
195 19 0
187 51 0
177 56 0
159 66 0
154 56 0
145 63 0
137 67 0
192 65 0
198 85 0
185 81 0
184 95 0
171 83 0
160 85 0
164 92 0
178 110 0
1 112 0
199 136 0
199 147 0
183 136 0
166 126 0
156 118 0
151 103 0
135 99 0
119 99 0
107 87 0
102 82 0
112 47 0
96 56 0
74 66 0
87 71 0
88 87 0
92 84 0
60 86 0
67 94 0
52 113 0
39 106 0
39 131 0
25 135 0
11 135 0
1 138 0
7 149 0
3 175 0
12 185 0
5 199 0
20 199 0
37 198 0
54 193 0
60 186 0
15 174 0
26 164 0
24 175 0
42 160 0
43 169 0
56 169 0
70 171 0
74 164 0
60 147 0
64 138 0
82 140 0
92 137 0
93 152 0
104 148 0
95 147 0
114 128 0
128 110 0
133 122 0
132 137 0
150 135 0
165 139 0
140 149 0
149 155 0
161 164 0
154 176 0
198 174 0
198 191 0
193 192 0
187 192 0
175 197 0
171 187 0
149 189 0
138 185 0
126 168 0
117 165 0
102 184 0
93 196 0
119 179 0
116 187 0
126 198 0
100 199 0
69 186 0
93 175 0
116 80 0
173 1 0
53 94 0
