1 2 0
6 13 0
10 26 0
30 7 0
46 9 0
71 9 0
98 16 0
89 26 0
81 39 0
66 31 0
52 26 0
37 32 0
26 55 0
47 59 0
53 70 0
53 83 0
50 105 0
28 91 0
10 91 0
3 98 0
13 133 0
10 142 0
25 147 0
26 181 0
20 184 0
8 191 0
28 125 0
39 133 0
64 131 0
57 141 0
60 158 0
56 172 0
51 188 0
102 159 0
83 199 0
94 199 0
106 190 0
76 143 0
79 120 0
82 103 0
68 98 0
66 52 0
81 63 0
88 82 0
94 47 0
107 34 0
128 5 0
146 11 0
139 21 0
139 30 0
134 42 0
125 41 0
117 51 0
106 54 0
112 98 0
106 110 0
120 136 0
120 119 0
131 111 0
138 97 0
130 86 0
141 87 0
154 72 0
167 62 0
163 15 0
176 27 0
196 13 0
196 23 0
195 42 0
170 74 0
159 78 0
155 94 0
155 103 0
184 94 0
189 103 0
188 138 0
189 150 0
178 151 0
161 158 0
151 154 0
138 151 0
131 145 0
136 129 0
142 119 0
154 117 0
160 121 0
172 126 0
181 129 0
154 142 0
134 180 0
181 195 0
190 179 0
