129 12 0
139 15 0
144 29 0
138 38 0
113 15 0
60 4 0
67 14 0
48 27 0
43 38 0
14 19 0
16 43 0
20 68 0
15 105 0
27 120 0
40 113 0
47 69 0
43 79 0
56 89 0
70 93 0
117 67 0
130 58 0
137 67 0
164 65 0
150 87 0
150 98 0
130 100 0
134 116 0
115 122 0
95 125 0
130 134 0
155 127 0
148 131 0
168 106 0
176 74 0
180 84 0
199 90 0
196 102 0
196 126 0
197 177 0
171 187 0
151 193 0
155 164 0
144 154 0
139 174 0
98 179 0
68 188 0
61 183 0
28 188 0
18 176 0
9 164 0
4 174 0
6 150 0
21 162 0
187 142 0
147 1 1
162 3 1
158 16 1
159 25 1
164 32 1
166 42 1
175 49 1
175 30 1
179 20 1
194 31 1
192 42 1
192 59 1
1 65 1
196 75 1
199 41 1
