28 1 0
33 4 0
51 5 0
68 13 0
83 23 0
81 34 0
53 49 0
60 41 0
51 32 0
31 24 0
5 24 0
5 41 0
16 57 0
21 56 0
31 56 0
33 41 0
90 64 0
84 72 0
17 83 0
24 79 0
28 72 0
38 80 0
2 97 0
9 103 0
16 114 0
43 111 0
60 93 0
102 81 0
101 95 0
101 106 0
109 109 0
75 104 0
141 116 0
146 112 0
151 113 0
165 136 0
123 135 0
115 143 0
103 139 0
106 126 0
81 127 0
86 134 0
72 134 0
72 145 0
63 133 0
57 129 0
61 121 0
41 126 0
52 137 0
42 140 0
28 143 0
24 138 0
3 133 0
16 148 0
8 150 0
7 156 0
2 169 0
2 186 0
14 184 0
38 159 0
45 179 0
66 196 0
78 193 0
103 174 0
89 171 0
100 164 0
95 150 0
129 184 0
142 174 0
146 189 0
163 186 0
168 196 0
137 198 0
197 192 0
191 184 0
182 183 0
175 169 0
169 159 0
159 162 0
171 146 0
181 151 0
199 113 0
197 159 0
23 38 0
193 90 1
193 70 1
196 54 1
193 60 1
180 89 1
182 102 1
164 93 1
171 74 1
170 100 1
171 88 1
144 91 1
157 81 1
146 76 1
158 65 1
165 54 1
148 65 1
131 77 1
139 62 1
148 52 1
150 42 1
124 68 1
120 59 1
130 49 1
130 40 1
116 38 1
108 49 1
121 25 1
127 18 1
107 23 1
95 16 1
102 9 1
94 2 1
182 74 1
