37 8 0
33 24 0
25 10 0
55 42 0
47 50 0
41 38 0
54 22 0
54 9 0
49 2 0
73 6 0
116 13 0
141 2 0
133 7 0
182 14 0
182 28 0
169 8 0
64 33 0
51 75 0
43 58 0
66 109 0
68 97 0
68 86 0
101 73 0
108 50 0
123 61 0
116 71 0
139 77 0
148 89 0
130 97 0
111 100 0
100 108 0
91 106 0
90 134 0
96 125 0
101 149 0
111 161 0
122 197 0
149 196 0
140 186 0
130 183 0
137 191 0
146 179 0
164 196 0
169 184 0
183 199 0
195 195 0
167 171 0
155 169 0
157 157 0
147 147 0
123 126 0
165 129 0
162 124 0
199 127 0
192 124 0
152 119 0
152 108 0
182 89 0
180 77 0
193 56 0
172 48 0
177 154 0
100 164 0
124 153 0
4 2 1
11 10 1
4 18 1
4 27 1
15 29 1
11 38 1
3 39 1
4 49 1
11 51 1
21 55 1
7 73 1
21 69 1
17 84 1
33 75 1
35 86 1
36 95 1
31 103 1
38 115 1
49 110 1
50 123 1
42 136 1
57 136 1
52 142 1
64 145 1
60 161 1
74 158 1
78 162 1
72 172 1
84 172 1
76 185 1
84 191 1
93 188 1
