138 10 1
133 3 1
157 1 1
150 7 1
144 20 1
156 18 1
161 8 1
171 8 1
170 22 1
163 30 1
158 40 1
150 30 1
143 38 1
145 47 1
152 53 1
167 56 1
168 47 1
183 47 1
178 36 1
180 27 1
165 66 1
193 55 1
180 55 1
196 73 1
193 83 1
181 81 1
185 72 1
193 93 1
173 77 1
198 124 1
199 119 1
199 114 1
196 104 1
189 98 1
180 91 1
190 111 1
119 2 1
182 18 1
189 117 1
185 109 1
16 3 0
62 13 0
106 6 0
113 23 0
99 24 0
83 30 0
76 42 0
60 29 0
40 22 0
40 35 0
40 51 0
51 64 0
50 50 0
61 53 0
69 51 0
83 63 0
84 72 0
104 80 0
113 55 0
94 62 0
134 49 0
119 67 0
93 96 0
112 99 0
132 93 0
126 83 0
150 79 0
147 95 0
124 23 0
168 190 0
146 182 0
160 165 0
149 164 0
141 166 0
134 162 0
124 167 0
112 174 0
124 181 0
131 190 0
124 195 0
120 199 0
79 183 0
66 172 0
31 166 0
49 156 0
88 153 0
101 147 0
109 150 0
100 134 0
79 138 0
105 122 0
76 108 0
192 165 0
185 160 0
176 143 0
179 130 0
193 134 0
164 134 0
157 145 0
149 136 0
147 122 0
137 128 0
155 118 0
171 112 0
162 102 0
134 119 0
125 109 0
112 109 0
124 136 0
124 34 0
142 80 0
