16 8 0
3 0 0
40 5 0
49 13 0
52 2 0
33 23 0
30 40 0
22 34 0
13 33 0
2 28 0
44 35 0
51 26 0
71 16 0
96 1 0
100 22 0
85 22 0
69 37 0
67 32 0
59 31 0
62 51 0
46 54 0
49 67 0
3 80 0
17 113 0
43 93 0
41 108 0
53 104 0
66 92 0
75 79 0
90 69 0
95 89 0
112 70 0
94 41 0
119 45 0
131 18 0
137 5 0
145 9 0
160 1 0
167 2 0
192 5 0
186 20 0
162 19 0
151 31 0
148 60 0
161 48 0
198 45 0
199 58 0
191 76 0
187 89 0
180 95 0
169 98 0
146 102 0
110 95 0
101 114 0
107 125 0
101 134 0
69 134 0
53 121 0
52 132 0
47 150 0
34 162 0
13 159 0
13 141 0
5 151 0
4 134 0
12 132 0
4 167 0
3 176 0
15 170 0
7 197 0
57 167 0
75 171 0
78 189 0
67 119 0
89 196 0
88 174 0
89 163 0
93 149 0
102 149 0
104 180 0
117 179 0
124 195 0
138 198 0
140 187 0
150 196 0
171 190 0
185 182 0
194 196 0
122 155 0
121 139 0
132 127 0
143 132 0
151 141 0
141 163 0
161 172 0
177 160 0
161 157 0
160 133 0
154 118 0
176 111 0
178 124 0
180 137 0
197 118 0
197 129 0
199 140 0
