4 10 0
21 11 0
7 30 0
37 36 0
47 30 0
55 10 0
55 3 0
65 7 0
71 14 0
84 5 0
78 33 0
72 37 0
63 42 0
54 38 0
60 60 0
94 39 0
94 59 0
109 33 0
104 39 0
110 46 0
109 1 0
119 12 0
127 36 0
133 7 0
145 3 0
148 22 0
156 17 0
143 27 0
143 41 0
136 55 0
119 67 0
108 59 0
104 65 0
92 71 0
85 76 0
79 90 0
54 89 0
41 79 0
36 102 0
1 73 0
11 100 0
2 117 0
13 117 0
14 130 0
9 144 0
12 154 0
23 158 0
29 163 0
45 167 0
28 177 0
34 186 0
36 199 0
53 194 0
68 182 0
54 152 0
54 142 0
66 141 0
72 145 0
68 129 0
82 127 0
79 106 0
72 115 0
61 115 0
56 100 0
49 116 0
43 125 0
39 115 0
25 110 0
153 67 0
173 2 0
182 5 0
193 5 0
179 16 0
196 33 0
170 66 0
179 71 0
188 80 0
198 78 0
191 93 0
195 106 0
182 110 0
176 91 0
164 82 0
152 102 0
129 111 0
101 117 0
89 109 0
97 136 0
87 151 0
96 169 0
103 154 0
117 147 0
126 132 0
131 137 0
131 157 0
106 175 0
122 174 0
112 168 0
143 168 0
164 149 0
180 139 0
142 118 0
168 164 0
175 169 0
161 177 0
144 194 0
131 189 0
171 194 0
181 198 0
