55 5 0
46 6 0
35 2 0
27 33 0
17 19 0
4 21 0
5 40 0
12 67 0
27 74 0
60 59 0
49 57 0
78 63 0
71 42 0
93 30 0
110 16 0
119 14 0
137 0 0
181 10 0
199 3 0
194 28 0
197 36 0
189 59 0
174 42 0
173 52 0
167 71 0
159 58 0
147 61 0
145 49 0
135 51 0
146 24 0
135 26 0
110 50 0
122 70 0
111 74 0
89 78 0
58 93 0
34 114 0
11 112 0
4 120 0
10 137 0
26 145 0
34 136 0
42 141 0
54 141 0
58 153 0
68 148 0
84 126 0
91 141 0
145 89 0
137 100 0
132 91 0
166 98 0
164 126 0
164 139 0
154 139 0
155 152 0
143 124 0
121 109 0
122 121 0
112 172 0
124 185 0
143 183 0
153 181 0
84 188 0
72 188 0
31 196 0
7 198 0
2 189 0
198 66 1
196 83 1
196 96 1
196 113 1
189 118 1
194 130 1
184 130 1
181 139 1
187 147 1
178 156 1
189 164 1
179 166 1
178 178 1
177 186 1
171 193 1
161 199 1
