40 180 1
36 169 1
44 167 1
40 191 1
107 27 0
106 10 0
116 24 0
127 26 0
133 5 0
121 0 0
152 2 0
163 7 0
149 34 0
169 72 0
197 56 0
165 86 0
174 98 0
156 120 0
171 124 0
191 118 0
197 138 0
190 146 0
165 160 0
162 147 0
68 143 0
51 184 0
68 190 0
88 179 0
78 161 0
90 162 0
107 197 0
119 193 0
148 198 0
179 196 0
195 187 0
147 176 0
130 177 0
140 169 0
104 166 0
169 46 0
191 5 0
83 2 1
67 2 1
57 9 1
69 13 1
72 25 1
61 27 1
51 30 1
37 31 1
28 31 1
25 44 1
11 47 1
63 40 1
28 56 1
37 44 1
46 44 1
41 55 1
36 65 1
28 70 1
49 71 1
55 55 1
62 73 1
71 73 1
80 70 1
66 58 1
70 46 1
81 36 1
83 47 1
78 59 1
89 55 1
92 39 1
100 42 1
101 54 1
109 58 1
112 75 1
122 70 1
121 58 1
134 67 1
127 82 1
145 80 1
141 93 1
74 83 1
68 65 1
62 86 1
52 87 1
43 81 1
36 86 1
29 91 1
9 90 1
43 95 1
55 96 1
66 98 1
66 112 1
56 114 1
50 106 1
41 106 1
30 103 1
16 105 1
25 113 1
39 120 1
26 131 1
35 128 1
40 138 1
46 136 1
51 128 1
59 139 1
74 126 1
80 139 1
92 147 1
101 148 1
112 157 1
121 154 1
128 148 1
134 140 1
147 131 1
145 117 1
150 109 1
153 96 1
19 60 1
9 69 1
19 72 1
53 148 1
8 196 1
14 190 1
23 199 1
35 198 1
24 190 1
27 188 1
27 182 1
27 174 1
27 162 1
17 161 1
36 156 1
43 153 1
6 125 1
8 139 1
1 153 1
26 147 1
6 108 1
50 116 1
84 12 1
