12 7 0
6 14 0
23 18 0
32 2 0
44 7 0
37 18 0
45 20 0
61 3 0
65 12 0
91 4 0
106 7 0
96 26 0
85 29 0
69 48 0
95 36 0
98 51 0
104 67 0
83 91 0
78 122 0
92 114 0
119 101 0
118 117 0
129 122 0
105 126 0
107 138 0
117 152 0
116 142 0
115 172 0
94 164 0
97 149 0
86 141 0
71 139 0
54 151 0
35 161 0
65 159 0
70 172 0
78 183 0
144 185 0
163 165 0
176 157 0
182 140 0
191 143 0
198 130 0
193 156 0
185 173 0
193 186 0
198 189 0
199 163 0
4 55 1
11 43 1
22 45 1
32 54 1
39 45 1
45 52 1
44 58 1
55 58 1
53 67 1
63 69 1
60 81 1
66 89 1
70 97 1
60 98 1
52 102 1
45 100 1
60 110 1
54 120 1
50 126 1
39 131 1
36 141 1
27 137 1
17 142 1
5 142 1
6 155 1
198 16 1
191 6 1
176 10 1
171 3 1
164 8 1
160 16 1
143 5 1
142 17 1
129 4 1
125 11 1
116 22 1
127 31 1
119 39 1
134 45 1
114 54 1
119 59 1
136 63 1
124 72 1
126 83 1
131 93 1
139 104 1
145 105 1
145 112 1
154 111 1
164 101 1
163 119 1
166 126 1
174 119 1
184 119 1
193 107 1
198 116 1
198 82 1
181 90 1
1 110 2
9 106 2
