17 177 0
26 163 0
46 161 0
40 169 0
61 166 0
59 175 0
64 186 0
72 172 0
83 174 0
77 152 0
45 136 0
58 120 0
66 109 0
40 105 0
29 113 0
24 124 0
12 120 0
3 137 0
46 81 0
60 84 0
87 120 0
97 67 0
92 81 0
84 44 0
68 29 0
71 13 0
88 4 0
58 23 0
48 27 0
20 12 0
22 21 0
23 37 0
20 63 0
30 53 0
36 49 0
42 41 0
43 62 0
4 35 0
3 19 0
18 2 0
124 199 1
121 191 1
112 178 1
109 163 1
110 151 1
108 135 1
116 128 1
111 122 1
109 111 1
102 97 1
110 85 1
121 91 1
116 71 1
106 65 1
107 58 1
118 60 1
112 47 1
119 37 1
115 29 1
114 17 1
115 6 1
128 29 1
135 17 1
130 8 1
141 4 1
150 5 1
166 3 1
168 8 1
171 19 1
188 7 1
153 38 1
183 29 1
180 35 1
172 43 1
187 45 1
190 63 1
193 78 1
193 89 1
195 99 1
198 113 1
199 121 1
195 132 1
196 142 1
197 153 1
197 160 1
188 171 1
181 182 1
176 193 1
199 192 1
197 178 1
