3 197 0
21 196 0
42 173 0
42 161 0
42 141 0
23 157 0
12 156 0
8 140 0
25 123 0
59 122 0
71 106 0
77 115 0
61 103 0
59 93 0
48 101 0
38 102 0
25 91 0
17 105 0
0 94 0
12 74 0
15 48 0
7 7 0
20 17 0
21 29 0
31 47 0
30 58 0
31 26 0
22 73 0
30 0 0
34 13 0
42 23 0
48 2 0
48 13 0
70 10 0
65 24 0
64 35 0
45 54 0
57 56 0
47 68 0
70 56 0
71 67 0
82 1 0
102 9 0
94 16 0
115 30 0
101 38 0
96 57 0
85 62 0
102 70 0
96 84 0
99 98 0
94 118 0
84 136 0
78 152 0
107 148 0
107 139 0
110 129 0
120 112 0
116 91 0
124 77 0
126 56 0
117 58 0
114 46 0
130 45 0
147 3 0
194 16 0
171 50 0
163 53 0
144 76 0
146 88 0
139 95 0
135 106 0
155 95 0
148 115 0
132 138 0
172 133 0
184 133 0
194 125 0
167 112 0
169 98 0
182 90 0
189 82 0
181 72 0
164 85 0
1 42 0
192 63 0
42 195 1
52 189 1
66 199 1
74 194 1
72 178 1
90 184 1
93 167 1
102 168 1
111 181 1
117 160 1
133 163 1
132 175 1
143 170 1
153 163 1
168 159 1
178 164 1
174 183 1
188 170 1
198 174 1
189 186 1
