12 119 1
23 109 1
15 107 1
26 98 1
35 98 1
32 81 1
26 79 1
18 71 1
12 67 1
3 70 1
10 57 1
5 93 1
5 110 1
24 19 0
38 7 0
52 14 0
59 33 0
72 14 0
85 36 0
89 26 0
64 17 0
86 48 0
99 28 0
99 38 0
100 54 0
122 18 0
126 38 0
157 20 0
155 38 0
161 52 0
177 42 0
181 57 0
191 38 0
142 67 0
129 71 0
117 78 0
107 85 0
128 93 0
146 98 0
149 91 0
159 111 0
169 113 0
185 107 0
186 84 0
180 134 0
185 121 0
124 125 0
110 131 0
116 113 0
89 110 0
86 138 0
78 131 0
65 128 0
78 158 0
90 164 0
104 167 0
98 173 0
77 184 0
59 189 0
14 163 0
25 157 0
44 185 0
142 196 0
170 174 0
172 157 0
170 193 0
198 194 0
194 139 0
122 153 0
30 134 0
51 125 0
58 107 0
65 102 0
72 103 0
81 88 0
77 83 0
77 73 0
66 73 0
47 99 0
57 86 0
48 49 0
39 66 0
15 47 0
141 147 0
65 140 0
48 173 0
177 167 0
188 160 0
153 184 0
150 124 0
