4 1 0
2 25 0
4 46 0
4 55 0
2 64 0
3 73 0
4 93 0
14 84 0
24 81 0
34 91 0
35 105 0
53 106 0
14 102 0
2 109 0
7 123 0
18 121 0
38 115 0
37 126 0
48 131 0
39 141 0
68 141 0
83 131 0
62 156 0
72 170 0
87 176 0
76 182 0
65 170 0
59 173 0
45 178 0
12 184 0
3 172 0
0 154 0
2 199 0
54 198 0
66 193 0
102 144 0
147 103 0
162 92 0
181 74 0
185 48 0
190 33 0
194 20 0
195 55 0
189 61 0
188 85 0
186 98 0
180 112 0
153 113 0
198 120 0
190 153 0
185 164 0
182 187 0
166 190 0
164 179 0
180 158 0
158 148 0
142 143 0
128 164 0
134 168 0
146 168 0
154 162 0
67 1 1
78 12 1
61 8 1
51 2 1
24 2 1
25 11 1
25 18 1
20 29 1
33 26 1
29 42 1
18 45 1
49 11 1
46 18 1
54 29 1
43 37 1
68 28 1
68 39 1
52 43 1
51 50 1
41 56 1
48 59 1
50 71 1
54 80 1
62 63 1
66 73 1
65 85 1
68 94 1
76 67 1
77 82 1
83 85 1
82 96 1
92 87 1
101 89 1
108 81 1
116 83 1
128 83 1
135 78 1
140 76 1
147 73 1
145 62 1
151 52 1
155 38 1
159 50 1
161 65 1
168 35 1
170 27 1
173 17 1
147 11 1
164 10 1
1 157 1
198 177 1
199 198 1
