1 99 1
1 92 1
6 86 1
16 81 1
16 75 1
8 73 1
15 65 1
4 65 1
14 54 1
14 44 1
19 33 1
3 35 1
19 21 1
14 9 1
6 7 1
3 24 1
9 126 0
22 96 0
26 107 0
34 84 0
45 87 0
41 94 0
41 103 0
43 111 0
39 119 0
26 133 0
20 139 0
9 149 0
2 163 0
3 194 0
17 162 0
28 180 0
35 189 0
44 198 0
59 197 0
72 168 0
68 182 0
85 154 0
80 159 0
80 148 0
88 144 0
65 149 0
76 133 0
69 122 0
48 133 0
57 97 0
66 97 0
90 91 0
85 75 0
76 66 0
72 46 0
65 46 0
63 56 0
54 52 0
50 46 0
41 47 0
34 35 0
25 5 0
36 7 0
47 7 0
50 18 0
60 9 0
63 19 0
127 14 0
121 42 0
110 51 0
121 56 0
120 74 0
113 65 0
107 77 0
146 9 0
182 9 0
198 8 0
193 54 0
177 50 0
170 62 0
156 54 0
152 65 0
142 63 0
136 78 0
151 79 0
167 72 0
191 79 0
199 80 0
184 89 0
187 105 0
197 129 0
191 120 0
185 123 0
183 137 0
190 145 0
183 146 0
182 156 0
184 167 0
199 159 0
186 183 0
186 193 0
170 195 0
166 189 0
175 167 0
162 159 0
161 165 0
152 167 0
151 182 0
147 198 0
139 194 0
138 177 0
95 194 0
113 182 0
96 171 0
115 162 0
123 166 0
126 159 0
114 155 0
102 154 0
104 163 0
100 144 0
112 143 0
114 132 0
114 124 0
123 113 0
100 125 0
105 118 0
136 91 0
136 97 0
138 110 0
131 128 0
122 142 0
135 145 0
138 155 0
154 146 0
167 142 0
175 127 0
153 122 0
143 129 0
159 112 0
174 106 0
161 99 0
177 181 0
