125 21 0
142 9 0
150 4 0
159 26 0
143 23 0
137 30 0
146 37 0
138 50 0
136 60 0
121 86 0
94 92 0
58 105 0
41 105 0
29 114 0
22 133 0
23 146 0
9 153 0
29 160 0
28 173 0
30 183 0
28 191 0
15 191 0
5 197 0
39 166 0
46 168 0
47 156 0
50 128 0
56 137 0
67 119 0
86 114 0
105 110 0
134 103 0
147 103 0
134 117 0
118 120 0
101 125 0
96 118 0
118 134 0
109 151 0
93 157 0
73 139 0
73 153 0
63 161 0
56 185 0
70 188 0
6 39 1
3 54 1
7 63 1
19 61 1
21 74 1
33 75 1
36 64 1
47 51 1
49 65 1
43 75 1
40 89 1
50 83 1
58 85 1
59 73 1
68 73 1
60 62 1
70 48 1
73 61 1
79 76 1
86 64 1
97 58 1
109 54 1
109 43 1
85 48 1
100 37 1
85 32 1
98 23 1
89 19 1
98 10 1
76 8 1
80 0 1
112 30 1
92 69 1
199 129 1
197 137 1
187 144 1
190 157 1
186 162 1
183 168 1
182 178 1
178 184 1
164 189 1
159 181 1
155 199 1
172 199 1
