126 23 1
133 35 1
128 41 1
129 52 1
121 56 1
123 69 1
124 80 1
114 69 1
111 80 1
102 89 1
99 78 1
95 70 1
106 61 1
96 56 1
111 47 1
102 44 1
94 44 1
108 33 1
95 29 1
85 38 1
69 41 1
73 52 1
84 52 1
85 63 1
84 76 1
80 87 1
73 86 1
71 94 1
72 106 1
66 104 1
58 99 1
52 100 1
51 110 1
51 121 1
42 113 1
35 122 1
27 118 1
20 123 1
14 131 1
11 143 1
3 143 1
5 133 1
6 120 1
10 114 1
20 107 1
29 106 1
42 93 1
52 85 1
59 82 1
66 78 1
66 62 1
56 55 1
55 66 1
45 59 1
48 71 1
42 78 1
35 67 1
35 53 1
28 54 1
18 51 1
19 60 1
23 71 1
36 85 1
27 79 1
30 91 1
19 96 1
22 87 1
16 82 1
11 90 1
10 101 1
4 105 1
3 94 1
2 86 1
8 77 1
6 64 1
13 64 1
1 54 1
1 66 1
6 1 0
21 5 0
45 18 0
57 23 0
82 16 0
137 2 0
140 11 0
143 24 0
162 18 0
193 6 0
192 38 0
163 40 0
195 61 0
198 70 0
191 76 0
183 67 0
168 84 0
157 76 0
144 88 0
151 93 0
157 100 0
154 108 0
175 97 0
173 113 0
164 111 0
194 129 0
181 155 0
168 143 0
159 151 0
152 132 0
144 120 0
118 110 0
123 137 0
127 145 0
107 141 0
96 135 0
39 148 0
47 142 0
27 163 0
17 181 0
17 191 0
32 190 0
31 199 0
42 188 0
57 159 0
64 174 0
78 184 0
83 171 0
106 155 0
112 167 0
100 173 0
111 193 0
121 179 0
151 177 0
132 188 0
125 199 0
185 199 0
198 190 0
