146 194 1
157 195 1
140 173 1
164 175 1
168 186 1
181 181 1
191 176 1
185 165 1
197 163 1
174 166 1
152 157 1
140 158 1
127 158 1
113 164 1
100 161 1
98 173 1
89 182 1
79 180 1
73 180 1
74 188 1
65 188 1
53 192 1
49 198 1
87 198 1
103 152 1
115 151 1
115 140 1
124 140 1
197 142 1
190 153 1
135 139 1
127 131 1
144 147 1
153 147 1
153 140 1
159 139 1
173 142 1
155 133 1
144 130 1
131 120 1
148 121 1
161 110 1
152 112 1
161 121 1
185 135 1
176 131 1
163 130 1
173 118 1
183 120 1
187 128 1
192 121 1
194 107 1
185 109 1
174 100 1
157 90 1
167 82 1
176 75 1
168 65 1
178 59 1
197 44 1
181 67 1
194 67 1
196 91 1
189 91 1
186 98 1
176 90 1
184 83 1
141 103 1
33 182 0
43 174 0
42 163 0
49 160 0
20 151 0
2 152 0
3 172 0
5 118 0
15 111 0
24 108 0
34 113 0
50 124 0
49 132 0
47 144 0
72 138 0
74 121 0
66 106 0
93 118 0
98 108 0
33 89 0
16 177 0
142 77 0
141 52 0
159 49 0
182 29 0
156 24 0
121 26 0
98 29 0
90 31 0
95 7 0
100 41 0
118 72 0
159 63 0
135 66 0
105 70 0
99 85 0
107 80 0
8 74 0
57 108 0
