59 180 1
41 40 0
31 43 0
6 15 0
13 9 0
57 79 0
63 68 0
86 51 0
89 59 0
98 8 0
113 3 0
135 8 0
140 15 0
136 56 0
155 34 0
164 12 0
161 2 0
180 2 0
197 20 0
194 33 0
198 44 0
196 79 0
129 79 0
101 75 0
121 88 0
140 95 0
98 97 0
84 110 0
69 84 0
102 105 0
107 119 0
105 132 0
129 123 0
131 138 0
120 146 0
139 158 0
141 173 0
127 181 0
119 162 0
157 182 0
8 40 1
12 54 1
17 45 1
5 67 1
15 70 1
24 73 1
25 60 1
35 68 1
38 81 1
25 86 1
12 82 1
29 95 1
49 92 1
30 104 1
15 113 1
48 104 1
54 110 1
60 109 1
59 98 1
68 113 1
49 120 1
59 123 1
69 124 1
12 135 1
20 147 1
34 137 1
36 126 1
58 134 1
55 146 1
38 150 1
66 148 1
76 141 1
89 144 1
80 150 1
77 159 1
80 127 1
67 137 1
5 175 1
14 175 1
9 190 1
18 195 1
24 182 1
27 173 1
31 162 1
41 169 1
56 169 1
52 158 1
49 148 1
65 161 1
73 170 1
90 159 1
32 182 1
32 193 1
50 179 1
40 191 1
49 196 1
51 191 1
40 184 1
59 198 1
61 192 1
71 187 1
77 192 1
81 199 1
87 191 1
90 179 1
80 182 1
83 173 1
108 173 1
109 183 1
103 181 1
100 196 1
104 190 1
98 189 1
91 168 1
99 159 1
101 170 1
3 93 1
