11 168 0
4 160 0
0 157 0
0 157 0
7 147 0
1 145 0
8 135 0
3 126 0
18 139 0
21 153 0
35 132 0
31 115 0
19 98 0
55 146 0
65 152 0
67 163 0
69 141 0
95 176 0
95 152 0
103 155 0
98 138 0
110 160 0
117 166 0
118 156 0
108 176 0
120 182 0
120 192 0
130 171 0
134 183 0
136 189 0
150 188 0
157 194 0
163 197 0
188 183 0
194 192 0
186 195 0
177 189 0
164 181 0
171 172 0
173 149 0
178 139 0
186 128 0
174 123 0
195 109 0
196 154 0
195 164 0
146 161 0
140 157 0
147 150 0
153 160 0
164 143 0
145 143 0
138 140 0
134 152 0
161 119 0
162 132 0
157 107 0
175 86 0
175 70 0
198 73 0
198 63 0
188 58 0
188 47 0
173 48 0
183 35 0
160 54 0
168 42 0
198 45 0
168 26 0
179 9 0
192 7 0
195 17 0
192 21 0
155 9 0
141 27 0
127 25 0
126 38 0
131 48 0
117 40 0
107 51 0
113 60 0
116 68 0
117 76 0
106 88 0
106 70 0
93 63 0
82 54 0
83 72 0
69 66 0
70 85 0
52 76 0
71 56 0
74 45 0
72 36 0
60 41 0
49 41 0
37 37 0
32 46 0
23 20 0
19 10 0
17 43 0
31 59 0
18 58 0
30 75 0
40 83 0
48 93 0
5 86 0
8 94 0
6 75 0
5 64 0
2 61 0
3 55 0
3 45 0
12 33 0
10 28 0
45 27 0
41 21 0
63 17 0
40 9 0
47 3 0
72 7 0
84 8 0
93 15 0
86 34 0
80 37 0
95 52 0
100 36 0
105 28 0
108 1 0
125 5 0
139 9 0
135 76 0
140 68 0
145 78 0
125 62 0
154 89 0
130 108 0
126 102 0
128 91 0
106 119 0
93 111 0
90 117 0
86 105 0
88 96 0
93 89 0
70 102 0
78 111 0
68 128 0
80 123 0
197 36 0
22 117 0
194 124 0
113 139 0
76 142 0
82 148 0
66 188 0
74 26 0
106 41 0
146 44 0
