29 125 0
21 116 0
11 106 0
4 81 0
15 84 0
25 72 0
41 80 0
46 60 0
37 57 0
53 70 0
68 65 0
63 90 0
39 100 0
54 111 0
44 116 0
52 119 0
80 113 0
91 104 0
97 121 0
57 140 0
86 130 0
64 128 0
72 93 0
82 87 0
71 80 0
115 96 0
126 116 0
130 94 0
126 85 0
116 70 0
130 72 0
138 86 0
150 94 0
151 101 0
161 66 0
164 85 0
175 66 0
195 48 0
182 49 0
175 46 0
172 41 0
158 46 0
148 58 0
145 43 0
126 41 0
144 28 0
169 29 0
170 13 0
180 8 0
199 21 0
181 17 0
195 9 0
125 26 0
122 16 0
130 8 0
152 23 0
133 4 0
94 25 0
103 36 0
109 50 0
82 43 0
68 33 0
80 18 0
73 23 0
52 9 0
38 27 0
20 23 0
24 1 0
7 9 0
86 60 0
179 195 0
195 184 0
5 129 1
18 138 1
25 136 1
8 144 1
2 144 1
16 149 1
4 166 1
1 157 1
16 162 1
22 157 1
38 156 1
24 184 1
35 178 1
39 168 1
30 167 1
50 165 1
52 150 1
35 140 1
10 174 1
11 185 1
15 195 1
4 195 1
1 184 1
29 192 1
31 199 1
41 186 1
44 181 1
54 186 1
53 175 1
62 166 1
60 155 1
76 164 1
73 181 1
63 196 1
46 195 1
74 198 1
81 194 1
85 188 1
82 178 1
89 180 1
90 169 1
81 170 1
88 158 1
88 149 1
80 142 1
95 152 1
104 149 1
101 160 1
100 186 1
108 171 1
111 158 1
112 181 1
113 194 1
120 175 1
119 185 1
128 187 1
128 168 1
132 156 1
137 174 1
147 173 1
154 177 1
166 175 1
163 167 1
156 161 1
144 151 1
137 144 1
128 143 1
119 147 1
111 142 1
103 133 1
109 128 1
121 134 1
128 127 1
137 131 1
145 136 1
153 143 1
164 149 1
162 142 1
150 132 1
159 130 1
165 125 1
173 120 1
168 112 1
174 110 1
177 115 1
183 115 1
184 104 1
194 108 1
189 96 1
1 101 1
1 105 1
195 119 1
188 125 1
183 127 1
190 135 1
196 138 1
198 146 1
198 158 1
188 149 1
180 141 1
168 134 1
173 160 1
184 161 1
179 152 1
170 146 1
144 194 1
118 198 1
183 86 1
193 80 1
197 79 1
199 71 1
198 60 1
186 72 1
