6 48 1
1 56 1
2 84 1
6 77 1
1 74 1
5 70 1
2 131 1
7 134 1
10 143 1
8 125 1
7 119 1
3 114 1
4 106 1
10 104 1
14 110 1
17 119 1
23 114 1
20 104 1
8 93 1
21 94 1
30 102 1
14 82 1
24 76 1
27 85 1
34 94 1
39 87 1
38 82 1
37 73 1
50 74 1
19 67 1
29 68 1
30 60 1
19 52 1
42 65 1
49 61 1
38 59 1
42 51 1
57 50 1
60 60 1
46 42 1
46 36 1
61 44 1
68 36 1
52 29 1
58 26 1
76 24 1
79 16 1
60 8 1
73 3 1
83 8 1
91 6 1
92 13 1
63 24 1
126 7 1
114 11 1
125 19 1
113 19 1
116 26 1
105 34 1
112 48 1
103 50 1
103 58 1
93 51 1
89 60 1
86 69 1
85 81 1
96 85 1
76 86 1
71 88 1
81 92 1
72 98 1
82 106 1
65 106 1
76 116 1
171 1 1
159 1 1
166 7 1
160 17 1
155 30 1
159 41 1
148 50 1
158 49 1
155 57 1
152 69 1
142 74 1
142 82 1
140 91 1
140 99 1
142 108 1
136 112 1
139 120 1
114 199 1
117 195 1
119 189 1
120 184 1
112 174 1
122 174 1
128 163 1
128 152 1
132 147 1
138 138 1
138 130 1
16 198 1
27 198 1
27 188 1
33 180 1
41 172 1
52 169 1
48 156 1
55 148 1
66 150 1
68 161 1
57 138 1
63 130 1
70 123 1
59 114 1
2 171 0
8 163 0
22 161 0
21 151 0
30 136 0
63 84 0
64 74 0
93 22 0
183 190 0
167 179 0
186 180 0
176 170 0
169 161 0
138 162 0
172 143 0
151 135 0
172 132 0
185 141 0
196 148 0
199 141 0
185 122 0
192 127 0
167 123 0
187 101 0
192 88 0
167 101 0
158 90 0
171 77 0
165 60 0
180 12 0
174 33 0
