3 161 1
5 147 1
11 139 1
20 132 1
20 122 1
37 118 1
44 126 1
35 133 1
23 145 1
18 159 1
30 161 1
33 150 1
41 141 1
37 164 1
53 134 1
47 148 1
53 166 1
62 152 1
61 138 1
69 143 1
79 144 1
74 163 1
84 160 1
87 152 1
96 157 1
90 168 1
77 176 1
69 192 1
84 199 1
87 185 1
99 176 1
99 189 1
112 182 1
112 195 1
68 173 1
7 111 0
21 107 0
10 97 0
14 90 0
15 43 0
0 34 0
0 33 0
8 0 0
11 22 0
24 27 0
29 4 0
40 39 0
66 7 0
117 2 0
110 19 0
120 29 0
136 23 0
150 30 0
185 21 0
192 45 0
198 65 0
190 94 0
187 107 0
199 138 0
198 177 0
190 182 0
170 195 0
145 185 0
166 145 0
158 146 0
137 133 0
119 129 0
106 130 0
109 143 0
96 143 0
91 136 0
82 124 0
93 119 0
82 111 0
69 108 0
56 110 0
71 95 0
83 99 0
99 109 0
115 112 0
128 101 0
136 101 0
145 95 0
155 113 0
163 113 0
159 71 0
171 48 0
155 55 0
145 75 0
139 84 0
127 86 0
118 99 0
104 93 0
89 86 0
80 78 0
90 55 0
93 46 0
119 48 0
129 41 0
137 60 0
127 60 0
115 77 0
