17 2 0
8 11 0
16 23 0
9 31 0
1 60 0
1 95 0
1 111 0
1 151 0
18 160 0
25 152 0
22 171 0
38 141 0
42 136 0
65 113 0
79 106 0
46 113 0
24 83 0
16 57 0
29 32 0
34 39 0
44 40 0
36 60 0
38 76 0
46 67 0
54 79 0
75 84 0
80 72 0
43 50 0
53 43 0
55 21 0
52 7 0
40 2 0
74 1 0
83 10 0
83 19 0
96 19 0
100 31 0
106 39 0
102 47 0
75 48 0
87 63 0
95 80 0
98 89 0
106 61 0
121 66 0
142 61 0
132 61 0
136 76 0
129 43 0
134 29 0
125 22 0
123 12 0
152 6 0
154 23 0
178 9 0
188 17 0
175 24 0
180 33 0
163 59 0
172 66 0
164 75 0
195 106 0
192 73 0
199 79 0
20 198 1
28 193 1
25 184 1
35 176 1
40 190 1
46 177 1
53 182 1
51 167 1
60 172 1
42 163 1
48 150 1
51 154 1
57 160 1
59 147 1
67 133 1
71 144 1
71 157 1
76 125 1
78 132 1
87 126 1
86 146 1
86 154 1
96 129 1
101 113 1
108 125 1
105 135 1
112 146 1
110 159 1
121 162 1
121 149 1
118 134 1
121 121 1
117 109 1
127 106 1
124 96 1
135 93 1
150 98 1
142 103 1
146 112 1
136 116 1
133 123 1
132 133 1
131 145 1
143 123 1
155 114 1
162 110 1
171 114 1
179 119 1
179 133 1
170 126 1
168 132 1
155 123 1
149 129 1
142 141 1
146 159 1
134 162 1
133 173 1
145 168 1
143 188 1
152 181 1
162 185 1
165 175 1
160 164 1
157 157 1
154 148 1
151 139 1
157 135 1
161 144 1
175 146 1
171 155 1
182 156 1
175 167 1
178 176 1
191 175 1
175 185 1
164 197 1
178 194 1
195 190 1
192 199 1
