103 155 1
87 149 1
88 161 1
80 176 1
89 179 1
94 170 1
94 137 1
101 135 1
109 140 1
103 124 1
115 125 1
93 121 1
106 108 1
132 98 1
116 100 1
118 86 1
123 78 1
134 67 1
142 64 1
156 67 1
152 53 1
139 50 1
158 42 1
175 52 1
183 45 1
191 44 1
196 55 1
90 197 1
104 190 1
114 164 1
193 97 1
196 165 1
193 183 1
185 197 1
174 197 1
160 197 1
117 197 1
150 19 0
153 6 0
165 1 0
181 4 0
191 12 0
167 25 0
172 19 0
80 82 0
96 77 0
88 23 0
65 22 0
71 5 0
41 5 0
30 8 0
12 6 0
7 21 0
5 37 0
21 37 0
30 27 0
36 40 0
20 53 0
11 73 0
6 49 0
19 82 0
26 93 0
11 93 0
20 114 0
4 125 0
38 116 0
69 107 0
50 107 0
55 155 0
27 140 0
10 163 0
20 163 0
18 177 0
30 192 0
38 190 0
51 189 0
60 174 0
60 198 0
22 197 0
82 0 0
100 26 0
2 75 0
