3 23 0
16 24 0
15 16 0
33 35 0
44 59 0
45 64 0
59 68 0
18 62 0
29 91 0
24 100 0
38 95 0
47 96 0
56 100 0
65 98 0
60 109 0
74 85 0
84 75 0
100 61 0
96 82 0
105 85 0
106 94 0
117 97 0
123 84 0
133 75 0
124 56 0
134 46 0
149 39 0
161 30 0
172 34 0
181 37 0
190 16 0
199 12 0
197 33 0
184 65 0
176 67 0
161 66 0
147 57 0
138 65 0
145 78 0
156 80 0
175 85 0
186 97 0
199 98 0
199 81 0
165 93 0
196 125 0
177 123 0
167 113 0
154 107 0
145 101 0
138 111 0
106 111 0
86 107 0
94 116 0
125 131 0
120 115 0
103 122 0
93 126 0
112 147 0
124 149 0
133 140 0
142 127 0
155 130 0
147 146 0
163 153 0
174 163 0
191 145 0
198 147 0
199 180 0
198 194 0
190 196 0
177 193 0
165 198 0
154 193 0
171 173 0
185 179 0
149 170 0
142 161 0
125 160 0
114 158 0
104 165 0
103 155 0
94 147 0
84 141 0
90 152 0
69 138 0
65 129 0
81 124 0
66 117 0
53 130 0
46 137 0
42 114 0
26 113 0
13 107 0
4 117 0
14 130 0
1 124 0
1 151 0
1 161 0
5 170 0
1 183 0
13 181 0
19 181 0
26 179 0
25 189 0
11 198 0
29 199 0
46 198 0
46 185 0
45 176 0
36 172 0
41 158 0
30 139 0
49 149 0
60 149 0
66 153 0
75 157 0
59 163 0
51 167 0
68 182 0
61 191 0
78 199 0
84 186 0
93 166 0
95 181 0
103 189 0
108 177 0
126 175 0
122 168 0
113 194 0
128 199 0
136 188 0
137 176 0
19 88 0
19 81 0
