20 53 2
28 62 2
6 69 1
17 90 1
8 93 1
6 108 1
17 103 1
29 102 1
39 107 1
24 115 1
20 121 1
15 127 1
4 117 1
2 129 1
9 136 1
16 145 1
3 141 1
5 154 1
6 167 1
4 175 1
5 186 1
8 196 1
23 199 1
21 189 1
15 178 1
35 190 0
45 197 0
80 106 0
72 118 0
64 130 0
44 150 0
41 177 0
50 184 0
62 198 0
79 195 0
91 186 0
78 169 0
83 140 0
91 116 0
98 129 0
97 146 0
106 152 0
94 156 0
108 168 0
93 175 0
100 188 0
116 177 0
120 165 0
125 152 0
116 149 0
140 171 0
122 196 0
131 190 0
138 189 0
148 191 0
166 192 0
