49 21 2
36 30 2
34 56 2
44 71 2
58 66 2
62 57 2
70 73 2
59 75 2
68 86 2
84 84 2
103 78 2
113 74 2
117 60 2
112 59 2
125 52 2
132 46 2
128 36 2
122 27 2
122 13 2
100 36 2
107 61 2
75 43 2
86 38 2
82 23 2
75 14 2
128 88 2
125 105 2
141 109 2
160 99 2
179 83 2
186 69 2
169 63 2
99 135 2
30 3 0
32 12 0
34 16 0
52 5 0
56 17 0
61 25 0
11 30 0
20 48 0
12 48 0
12 78 0
5 98 0
33 84 0
37 98 0
60 110 0
76 103 0
83 97 0
83 117 0
77 129 0
41 114 0
30 120 0
14 108 0
18 126 0
19 147 0
25 152 0
37 159 0
47 151 0
59 143 0
64 131 0
1 135 0
1 148 0
2 182 0
26 193 0
46 181 0
58 181 0
55 193 0
72 176 0
55 168 0
53 163 0
89 193 0
99 187 0
111 193 0
98 173 0
107 167 0
117 152 0
117 146 0
110 145 0
112 135 0
99 156 0
138 182 0
153 197 0
181 187 0
166 179 0
172 165 0
174 159 0
162 149 0
160 159 0
183 165 0
187 158 0
199 170 0
198 152 0
181 145 0
175 141 0
194 134 0
169 130 0
188 110 0
188 101 0
1 103 0
198 86 0
187 87 0
1 69 0
1 65 0
195 52 0
190 36 0
173 43 0
150 71 0
143 70 0
130 71 0
138 56 0
145 36 0
144 7 0
153 8 0
154 19 0
165 6 0
170 20 0
183 20 0
158 51 0
152 41 0
