38 130 1
47 136 1
56 129 1
74 133 1
88 137 1
96 146 1
97 162 1
107 171 1
92 182 1
109 181 1
106 196 1
27 147 1
10 156 1
5 170 1
5 182 1
7 192 1
27 199 1
199 5 1
33 114 0
10 125 0
3 119 0
2 137 0
13 109 0
10 100 0
3 102 0
2 85 0
17 74 0
22 87 0
32 74 0
35 84 0
43 83 0
52 81 0
48 93 0
57 99 0
56 106 0
64 86 0
73 108 0
83 113 0
93 119 0
94 104 0
91 94 0
104 99 0
110 102 0
124 95 0
113 77 0
96 73 0
84 75 0
80 59 0
70 70 0
51 65 0
48 52 0
25 50 0
7 52 0
13 44 0
2 44 0
5 29 0
15 20 0
12 5 0
2 2 0
22 3 0
32 13 0
37 2 0
51 8 0
62 9 0
64 19 0
54 25 0
41 20 0
41 29 0
39 37 0
30 39 0
76 48 0
87 48 0
89 36 0
76 8 0
98 16 0
109 12 0
112 6 0
131 14 0
128 26 0
139 30 0
150 30 0
156 21 0
162 10 0
165 6 0
177 16 0
176 27 0
188 29 0
1 37 0
177 36 0
172 45 0
162 41 0
133 41 0
124 44 0
108 30 0
127 52 0
126 68 0
142 64 0
155 60 0
170 64 0
176 53 0
191 50 0
194 61 0
185 60 0
162 75 0
149 80 0
138 85 0
156 91 0
163 101 0
154 106 0
172 115 0
180 99 0
175 77 0
169 86 0
130 132 0
148 133 0
158 139 0
118 147 0
125 183 0
134 171 0
147 166 0
156 164 0
170 171 0
170 185 0
158 189 0
182 194 0
195 167 0
194 144 0
183 148 0
188 130 0
185 119 0
185 108 0
193 115 0
1 130 0
