14 56 0
25 86 0
8 91 0
18 101 0
17 113 0
19 124 0
8 138 0
4 120 0
48 112 0
45 126 0
38 126 0
31 133 0
49 137 0
62 126 0
73 128 0
154 60 0
120 37 0
99 113 0
98 151 0
108 142 0
122 158 0
122 170 0
148 141 0
140 167 0
135 176 0
36 185 0
22 173 0
1 173 0
12 183 0
8 159 0
56 165 0
67 193 0
77 189 0
71 158 0
168 143 0
175 156 0
182 180 0
166 191 0
191 164 0
187 69 0
197 44 0
198 64 0
182 123 0
183 109 0
193 136 0
174 18 0
181 27 0
181 43 0
189 13 0
192 28 0
13 198 0
5 198 0
98 190 0
98 167 0
197 181 0
177 187 0
16 145 0
22 138 0
39 148 0
47 158 0
26 162 0
133 26 0
131 17 0
121 5 0
153 27 0
142 9 0
143 35 0
155 8 0
163 30 0
