39 71 0
44 45 0
35 29 0
54 58 0
51 93 0
47 109 0
68 109 0
68 122 0
88 107 0
14 160 0
29 164 0
28 180 0
8 189 0
31 193 0
85 30 0
80 17 0
76 6 0
61 9 0
44 3 0
95 42 0
87 49 0
108 33 0
122 32 0
136 33 0
109 47 0
100 74 0
80 73 0
68 87 0
121 109 0
117 89 0
134 75 0
109 145 0
131 147 0
140 135 0
129 117 0
137 119 0
146 122 0
155 80 0
171 77 0
124 47 0
125 61 0
141 43 0
136 15 0
160 25 0
174 15 0
182 21 0
197 29 0
181 79 0
173 89 0
182 95 0
193 93 0
181 111 0
165 129 0
155 111 0
180 125 0
183 139 0
180 152 0
145 152 0
122 176 0
130 195 0
145 196 0
163 198 0
170 172 0
190 175 0
190 199 0
196 131 0
190 159 0
152 42 0
197 108 0
175 64 0
