3 2 0
27 27 0
38 26 0
47 11 0
49 23 0
57 37 0
72 38 0
62 51 0
51 64 0
43 58 0
37 66 0
29 70 0
7 45 0
17 34 0
2 65 0
8 68 0
19 76 0
32 83 0
53 79 0
67 85 0
75 74 0
86 61 0
94 47 0
97 28 0
98 16 0
88 6 0
71 14 0
68 2 0
106 2 0
119 5 0
125 16 0
138 14 0
147 1 0
132 44 0
144 36 0
116 36 0
125 50 0
116 64 0
101 69 0
84 84 0
114 80 0
124 83 0
135 59 0
146 47 0
145 64 0
139 71 0
139 81 0
153 59 0
166 1 0
186 15 0
175 30 0
164 25 0
169 47 0
165 79 0
8 92 0
23 108 0
20 96 0
7 125 0
4 157 0
5 188 0
14 197 0
18 173 0
21 162 0
21 149 0
35 134 0
58 120 0
69 105 0
72 130 0
86 120 0
77 145 0
52 142 0
36 157 0
38 149 0
37 173 0
27 180 0
33 186 0
27 197 0
41 187 0
51 183 0
59 177 0
69 173 0
78 163 0
94 151 0
105 152 0
122 142 0
114 128 0
83 108 0
121 116 0
135 111 0
150 100 0
145 115 0
144 127 0
137 133 0
131 154 0
114 184 0
114 195 0
103 179 0
88 193 0
83 182 0
62 196 0
135 190 0
168 175 0
160 184 0
163 126 0
172 118 0
167 105 0
185 92 0
153 85 0
137 91 0
191 148 0
190 169 0
195 187 0
189 199 0
144 199 0
63 73 0
37 123 0
19 131 0
0 114 0
2 81 0
