73 196 1
7 138 1
2 147 1
15 151 1
23 139 1
26 156 1
20 172 1
27 183 1
31 168 1
39 193 1
42 181 1
52 190 1
67 186 1
55 180 1
56 169 1
48 159 1
40 150 1
50 141 1
67 162 1
65 174 1
89 196 0
83 165 0
74 150 0
65 135 0
32 120 0
19 101 0
28 105 0
37 104 0
47 113 0
45 92 0
14 82 0
15 70 0
10 58 0
27 68 0
35 77 0
42 68 0
3 34 0
23 20 0
42 31 0
54 20 0
58 49 0
77 29 0
82 12 0
103 12 0
114 27 0
138 14 0
151 19 0
173 19 0
158 28 0
133 27 0
121 49 0
114 45 0
109 33 0
93 41 0
100 50 0
68 52 0
81 66 0
98 68 0
110 79 0
97 90 0
82 84 0
114 100 0
72 96 0
61 97 0
62 111 0
80 114 0
82 127 0
93 178 0
109 152 0
114 171 0
116 183 0
117 196 0
106 193 0
127 188 0
138 172 0
151 173 0
151 188 0
177 190 0
193 191 0
183 164 0
173 170 0
174 161 0
198 156 0
182 149 0
173 139 0
162 141 0
155 154 0
145 154 0
126 143 0
135 140 0
145 111 0
136 123 0
152 135 0
169 122 0
188 130 0
183 116 0
188 110 0
198 122 0
195 80 0
184 67 0
160 84 0
153 78 0
149 97 0
162 99 0
179 99 0
172 90 0
138 64 0
146 52 0
174 43 0
171 62 0
190 53 0
198 68 0
197 43 0
91 101 0
136 198 0
175 199 0
176 178 0
54 61 0
63 60 0
72 2 0
146 71 0
165 68 0
4 103 0
1 71 0
137 86 0
26 4 0
158 10 0
198 9 0
38 55 0
