21 117 1
9 124 1
6 108 1
44 121 1
59 117 1
193 73 1
182 82 1
167 88 1
176 97 1
171 106 1
182 108 1
194 103 1
193 115 1
193 91 1
159 77 1
156 88 1
162 98 1
150 99 1
145 87 1
146 76 1
129 82 1
135 79 1
136 71 1
120 72 1
122 57 1
112 61 1
115 47 1
137 93 1
81 46 1
78 60 1
69 70 1
67 83 1
171 124 1
179 119 1
94 73 0
99 64 0
84 103 0
104 113 0
94 109 0
112 123 0
117 165 0
128 147 0
40 160 0
110 86 0
112 98 0
121 114 0
134 121 0
128 136 0
112 141 0
101 136 0
96 146 0
79 136 0
82 121 0
65 140 0
76 148 0
64 168 0
50 169 0
42 177 0
43 185 0
57 188 0
102 186 0
89 181 0
97 161 0
156 158 0
170 136 0
150 190 0
139 179 0
157 173 0
165 188 0
171 185 0
191 183 0
192 168 0
33 148 0
49 149 0
133 197 0
31 197 0
23 175 0
11 175 0
105 15 0
119 9 0
45 4 0
24 4 0
81 15 0
95 9 0
