136 19 0
148 33 0
129 36 0
107 51 0
110 67 0
118 71 0
137 51 0
149 52 0
153 65 0
175 59 0
187 58 0
182 72 0
171 80 0
168 73 0
168 36 0
153 14 0
103 23 0
89 30 0
98 11 0
82 9 0
74 18 0
50 18 0
58 31 0
69 28 0
74 39 0
58 49 0
91 43 0
82 51 0
89 60 0
70 66 0
68 76 0
81 73 0
78 81 0
88 88 0
76 95 0
98 98 0
100 88 0
111 82 0
107 103 0
120 106 0
129 84 0
135 64 0
167 91 0
148 81 0
154 99 0
167 106 0
186 89 0
193 44 0
187 21 0
192 15 0
179 1 0
166 121 0
150 127 0
127 119 0
108 116 0
96 121 0
97 140 0
84 125 0
72 130 0
64 138 0
50 131 0
48 115 0
36 120 0
44 100 0
34 96 0
46 82 0
25 74 0
31 57 0
17 69 0
18 46 0
29 42 0
41 46 0
45 59 0
45 29 0
14 32 0
6 17 0
40 156 0
47 167 0
32 139 0
28 156 0
21 169 0
37 189 0
19 194 0
8 182 0
5 196 0
62 176 0
75 151 0
92 157 0
91 171 0
86 181 0
103 156 0
117 175 0
121 185 0
109 186 0
159 152 0
174 138 0
163 138 0
139 149 0
132 155 0
139 165 0
149 173 0
144 188 0
132 194 0
169 181 0
158 191 0
155 181 0
173 169 0
179 182 0
195 186 0
193 153 0
183 121 0
196 107 0
199 120 0
118 11 0
129 3 0
3 137 0
9 121 0
9 100 0
5 92 0
4 83 0
13 161 0
5 173 0
9 141 0
16 150 0
121 144 0
107 142 0
135 96 0
133 107 0
129 181 0
96 187 0
62 193 0
76 196 0
40 13 0
17 2 0
156 164 0
