136 194 0
151 199 0
57 166 0
12 12 0
2 18 0
29 36 0
17 39 0
8 43 0
30 10 0
85 7 0
56 27 0
36 54 0
17 59 0
8 58 0
65 46 0
58 40 0
74 64 0
83 43 0
80 24 0
99 22 0
99 7 0
114 15 0
121 7 0
109 35 0
119 32 0
128 36 0
137 47 0
128 62 0
110 53 0
90 64 0
93 76 0
104 89 0
134 19 0
139 20 0
148 21 0
168 5 0
165 13 0
161 28 0
156 40 0
152 49 0
151 58 0
171 43 0
176 37 0
177 24 0
186 14 0
178 8 0
185 41 0
175 60 0
172 79 0
167 81 0
154 80 0
143 78 0
136 72 0
123 78 0
116 87 0
112 78 0
114 99 0
114 108 0
102 122 0
85 118 0
57 129 0
72 128 0
65 116 0
82 107 0
74 99 0
47 111 0
32 101 0
44 85 0
28 74 0
4 75 0
5 95 0
18 100 0
11 115 0
23 121 0
25 131 0
11 135 0
14 149 0
10 160 0
3 176 0
53 147 0
31 155 0
45 158 0
71 153 0
78 140 0
93 137 0
110 133 0
121 120 0
139 115 0
152 113 0
157 99 0
168 108 0
185 115 0
194 115 0
198 126 0
179 130 0
172 122 0
162 138 0
147 149 0
148 159 0
137 128 0
134 146 0
120 149 0
103 154 0
87 157 0
192 186 0
175 187 0
166 196 0
158 187 0
177 171 0
155 167 0
139 185 0
132 161 0
128 170 0
120 183 0
113 174 0
106 183 0
90 185 0
76 187 0
65 179 0
55 178 0
41 172 0
46 185 0
10 187 0
21 187 0
25 197 0
21 172 0
198 24 1
197 33 1
198 40 1
194 50 1
193 61 1
193 68 1
195 80 1
194 93 1
73 90 0
109 2 0
148 4 0
193 3 0
