116 103 1
101 79 1
135 184 1
87 4 1
77 20 1
67 7 1
88 17 1
99 15 1
111 28 1
90 31 1
91 41 1
109 39 1
113 48 1
113 57 1
91 69 1
118 72 1
118 82 1
129 91 1
134 101 1
116 94 1
132 108 1
132 121 1
123 132 1
138 147 1
119 148 1
120 160 1
125 171 1
120 178 1
154 160 1
148 134 1
125 47 1
132 37 1
125 188 1
129 198 1
176 83 2
196 98 2
196 158 2
195 7 1
198 33 1
146 85 1
15 47 0
5 26 0
8 6 0
16 3 0
23 15 0
41 21 0
58 20 0
65 36 0
54 45 0
28 49 0
22 33 0
69 62 0
48 58 0
39 69 0
20 67 0
19 85 0
6 77 0
3 87 0
49 102 0
47 84 0
58 83 0
69 110 0
75 101 0
86 100 0
100 95 0
104 137 0
92 142 0
79 122 0
68 133 0
59 124 0
36 127 0
7 122 0
4 155 0
15 147 0
11 162 0
23 162 0
35 141 0
38 150 0
62 150 0
77 149 0
78 165 0
89 158 0
100 170 0
60 174 0
43 170 0
30 174 0
4 186 0
14 196 0
18 183 0
68 192 0
105 186 0
20 95 0
29 197 0
57 198 0
94 116 0
104 65 1
93 51 1
51 183 0
38 183 0
87 125 0
17 114 0
