16 2 0
15 20 0
19 31 0
17 44 0
1 30 0
12 55 0
0 62 0
6 86 0
16 84 0
26 81 0
27 65 0
39 16 0
51 6 0
47 22 0
44 38 0
52 54 0
64 65 0
63 45 0
72 51 0
44 71 0
45 82 0
22 102 0
72 29 0
79 33 0
87 19 0
77 18 0
88 2 0
100 5 0
104 15 0
99 21 0
114 19 0
120 1 0
149 0 0
149 19 0
141 36 0
141 44 0
135 57 0
126 68 0
112 87 0
102 80 0
108 41 0
94 41 0
169 29 0
138 11 0
184 15 0
194 31 0
185 48 0
168 51 0
156 44 0
160 65 0
167 83 0
187 78 0
199 78 0
194 110 0
166 108 0
164 128 0
150 124 0
96 72 0
86 82 0
78 92 0
70 102 0
70 118 0
90 105 0
100 90 0
49 121 0
18 139 0
87 151 0
137 154 0
157 147 0
164 165 0
149 174 0
143 167 0
133 176 0
123 165 0
121 184 0
131 195 0
159 188 0
16 171 0
1 166 0
42 184 0
10 198 0
40 198 0
69 197 0
73 186 0
84 190 0
104 188 0
112 179 0
119 198 0
96 198 0
138 185 0
149 193 0
128 93 0
