4 2 0
19 11 0
27 4 0
6 27 0
9 14 0
15 43 0
6 49 0
24 51 0
1 62 0
1 74 0
32 78 0
38 52 0
42 62 0
26 92 0
9 112 0
1 131 0
1 140 0
2 149 0
2 184 0
2 195 0
11 198 0
14 186 0
9 175 0
54 119 0
51 105 0
43 138 0
34 129 0
26 140 0
32 190 0
24 198 0
48 196 0
59 190 0
42 176 0
35 162 0
47 166 0
51 177 0
55 142 0
71 40 0
83 1 0
68 11 0
85 29 0
100 25 0
95 48 0
89 79 0
105 79 0
114 67 0
112 47 0
112 38 0
122 9 0
125 45 0
159 43 0
166 60 0
180 32 0
199 48 0
189 64 0
182 73 0
183 85 0
172 82 0
159 105 0
143 102 0
134 98 0
109 116 0
136 128 0
139 114 0
153 122 0
177 125 0
196 174 0
140 176 0
