22 4 0
72 22 0
71 10 0
78 7 0
100 8 0
87 22 0
86 42 0
80 47 0
92 50 0
105 40 0
107 18 0
117 8 0
117 30 0
124 22 0
135 6 0
142 11 0
142 42 0
132 37 0
128 47 0
120 53 0
112 58 0
114 69 0
110 78 0
103 77 0
92 74 0
84 63 0
76 78 0
93 98 0
74 89 0
71 81 0
63 77 0
64 64 0
56 58 0
64 45 0
73 36 0
61 31 0
54 20 0
35 9 0
35 24 0
28 22 0
9 12 0
3 22 0
2 31 0
14 31 0
7 55 0
16 50 0
28 49 0
34 65 0
36 38 0
28 81 0
52 76 0
47 98 0
59 99 0
63 90 0
30 99 0
3 85 0
22 103 0
34 113 0
24 121 0
11 116 0
14 131 0
15 147 0
25 141 0
3 157 0
8 169 0
6 182 0
27 176 0
31 189 0
44 188 0
56 187 0
78 194 0
66 179 0
76 164 0
65 159 0
39 138 0
38 161 0
52 129 0
55 119 0
67 132 0
75 139 0
89 196 0
94 184 0
92 174 0
92 157 0
104 165 0
102 147 0
97 138 0
78 126 0
76 112 0
100 113 0
104 100 0
114 100 0
114 114 0
98 121 0
104 128 0
122 152 0
131 146 0
128 135 0
128 126 0
129 114 0
137 102 0
148 98 0
158 103 0
151 115 0
154 128 0
128 91 0
129 75 0
138 73 0
143 84 0
133 86 0
152 81 0
162 82 0
145 53 0
153 59 0
138 58 0
163 56 0
158 44 0
165 34 0
172 30 0
163 11 0
177 9 0
188 19 0
197 19 0
180 31 0
189 41 0
187 54 0
198 45 0
172 51 0
178 66 0
187 80 0
193 68 0
197 79 0
186 96 0
174 102 0
179 111 0
197 109 0
197 122 0
189 129 0
180 128 0
167 123 0
162 134 0
173 141 0
188 144 0
196 142 0
196 163 0
187 158 0
187 174 0
176 195 0
161 182 0
146 182 0
129 186 0
116 177 0
129 167 0
144 167 0
153 168 0
140 152 0
147 154 0
158 151 0
8 100 0
