88 198 0
91 184 0
101 189 0
106 191 0
113 198 0
112 186 0
122 176 0
112 166 0
118 153 0
112 138 0
154 135 0
178 14 0
97 165 0
100 174 0
102 161 0
97 147 0
81 153 0
64 147 0
76 143 0
90 136 0
75 128 0
84 117 0
88 109 0
85 94 0
65 135 0
52 127 0
46 137 0
6 142 0
15 136 0
21 126 0
31 126 0
32 119 0
2 151 0
25 111 0
52 110 0
56 116 0
16 107 0
11 105 0
12 96 0
3 91 0
26 93 0
35 97 0
53 96 0
67 88 0
58 69 0
44 62 0
56 56 0
67 56 0
47 45 0
38 30 0
5 1 0
5 42 0
14 46 0
6 70 0
23 59 0
23 45 0
46 88 0
101 104 0
105 151 0
64 110 0
76 195 1
76 182 1
64 176 1
71 167 1
56 165 1
63 158 1
47 157 1
52 148 1
39 146 1
30 155 1
23 160 1
15 165 1
10 170 1
3 178 1
