9 35 0
27 30 0
82 4 0
92 5 0
104 8 0
105 1 0
119 3 0
117 9 0
121 14 0
131 4 0
142 2 0
154 6 0
155 16 0
165 12 0
173 14 0
182 3 0
190 17 0
182 36 0
198 35 0
197 55 0
192 64 0
186 74 0
176 52 0
171 36 0
167 46 0
158 39 0
151 33 0
160 27 0
139 17 0
129 20 0
123 28 0
114 30 0
109 21 0
101 15 0
93 19 0
92 28 0
83 46 0
103 45 0
113 42 0
125 47 0
141 36 0
136 45 0
143 43 0
143 58 0
130 56 0
113 68 0
91 63 0
69 68 0
100 76 0
97 88 0
84 69 0
135 72 0
128 77 0
136 87 0
152 77 0
143 72 0
151 65 0
164 60 0
157 70 0
160 79 0
176 71 0
186 87 0
199 80 0
184 97 0
170 91 0
157 93 0
8 170 0
17 176 0
15 196 0
177 146 0
174 168 0
192 126 0
162 125 0
144 114 0
153 119 0
148 134 0
155 144 0
139 141 0
128 135 0
120 127 0
106 132 0
87 131 0
97 143 0
90 150 0
85 161 0
97 164 0
105 162 0
117 138 0
155 167 0
142 165 0
140 154 0
134 186 0
117 187 0
124 196 0
147 188 0
147 177 0
157 181 0
168 174 0
159 188 0
140 199 0
