15 166 0
6 139 0
4 174 0
3 193 0
25 185 0
30 197 0
53 197 0
66 196 0
76 178 0
60 178 0
48 180 0
36 168 0
45 161 0
44 147 0
52 153 0
55 164 0
55 142 0
65 157 0
69 142 0
61 128 0
66 119 0
7 104 0
13 110 0
20 95 0
28 85 0
91 169 0
100 197 0
114 194 0
118 177 0
131 172 0
108 164 0
118 155 0
111 142 0
131 144 0
138 136 0
149 129 0
156 121 0
129 129 0
135 115 0
126 109 0
118 99 0
108 93 0
151 153 0
158 133 0
154 91 0
191 69 0
193 80 0
184 96 0
182 113 0
171 126 0
174 140 0
174 149 0
164 164 0
169 183 0
147 179 0
150 195 0
165 197 0
175 195 0
190 191 0
196 182 0
191 170 0
174 172 0
198 156 0
97 162 0
102 97 0
95 84 0
129 71 0
122 81 0
131 81 0
137 86 0
152 68 0
159 78 0
171 65 0
164 57 0
175 41 0
182 50 0
196 38 0
197 26 0
197 12 0
190 2 0
165 28 0
145 32 0
153 15 0
157 26 0
160 8 0
138 3 0
124 3 0
120 20 0
106 22 0
119 34 0
124 44 0
131 55 0
112 52 0
112 69 0
89 66 0
100 57 0
98 45 0
95 33 0
87 50 0
80 56 0
90 19 0
64 55 0
54 82 0
46 56 0
55 49 0
57 15 0
41 11 0
22 10 0
11 6 0
3 19 0
2 29 0
7 42 0
4 51 0
3 74 0
3 87 0
12 70 0
21 52 0
17 40 0
12 29 0
22 28 0
36 34 0
35 55 0
29 66 0
27 109 0
99 133 0
3 118 0
