20 2 0
12 12 0
3 18 0
90 8 0
90 28 0
76 35 0
68 47 0
78 68 0
109 27 0
125 30 0
137 34 0
140 47 0
116 45 0
103 53 0
93 45 0
120 37 0
132 52 0
128 64 0
120 76 0
118 87 0
90 84 0
98 94 0
100 113 0
100 126 0
107 129 0
97 136 0
86 139 0
77 157 0
90 162 0
107 163 0
148 192 0
53 174 0
45 198 0
4 195 0
7 185 0
16 183 0
3 161 0
40 153 0
40 139 0
54 125 0
53 109 0
58 93 0
50 81 0
42 92 0
23 66 0
30 84 0
24 95 0
4 85 0
10 100 0
19 106 0
33 104 0
26 119 0
43 119 0
30 130 0
17 128 0
13 144 0
5 132 0
4 116 0
13 117 0
1 104 0
1 177 0
14 84 0
