11 30 0
3 37 0
18 3 0
29 19 0
36 13 0
46 34 0
41 27 0
22 27 0
54 14 0
45 8 0
58 29 0
58 48 0
38 48 0
13 49 0
4 53 0
8 65 0
2 81 0
8 93 0
26 66 0
19 86 0
18 99 0
26 103 0
41 105 0
29 86 0
49 66 0
59 61 0
36 70 0
63 70 0
70 97 0
63 84 0
65 110 0
52 94 0
50 131 0
44 121 0
24 121 0
23 114 0
8 124 0
174 79 2
165 94 2
193 84 2
183 66 2
116 6 2
84 4 2
17 196 0
38 175 0
50 183 0
62 194 0
47 83 0
77 116 0
6 106 0
103 61 2
138 60 2
148 36 2
157 16 2
146 9 2
113 19 2
81 16 2
157 3 2
196 17 2
191 29 2
190 41 2
188 56 2
190 93 2
179 100 2
165 112 2
135 155 2
128 132 2
127 169 2
19 148 2
39 152 2
41 142 2
91 138 2
12 189 2
115 46 2
129 76 2
110 101 2
123 101 2
132 105 2
84 107 0
84 52 0
