39 149 0
24 141 0
21 130 0
32 121 0
51 121 0
64 122 0
57 109 0
116 187 0
113 167 0
128 167 0
131 176 0
146 185 0
150 195 0
158 190 0
168 180 0
173 193 0
194 186 0
97 99 0
67 77 0
54 95 0
53 84 0
33 75 0
7 71 0
10 88 0
32 58 0
67 49 0
27 4 0
97 42 0
81 64 0
96 58 0
100 70 0
135 84 0
117 98 0
123 75 0
197 109 0
185 96 0
197 96 0
190 78 0
181 65 0
197 65 0
142 74 0
137 63 0
127 58 0
144 50 0
123 47 0
132 45 0
138 34 0
157 34 0
152 25 0
150 14 0
168 4 0
173 19 0
166 25 0
187 37 0
174 46 0
185 14 0
194 23 0
171 93 0
9 197 0
155 46 0
179 32 0
179 2 0
