14 66 0
23 56 0
34 41 0
51 46 0
61 17 0
72 12 0
68 40 0
80 31 0
104 26 0
95 40 0
100 54 0
92 81 0
105 66 0
118 66 0
126 191 0
104 192 0
106 163 0
133 152 0
118 133 0
122 101 0
181 185 0
173 176 0
165 163 0
148 147 0
140 141 0
146 133 0
138 132 0
135 123 0
141 109 0
146 94 0
150 112 0
157 124 0
157 140 0
166 125 0
175 117 0
189 126 0
199 140 0
190 149 0
185 117 0
193 109 0
180 99 0
171 106 0
162 104 0
163 87 0
154 91 0
196 98 0
184 87 0
188 76 0
136 70 0
150 60 0
128 45 0
143 43 0
137 29 0
134 14 0
138 6 0
155 10 0
163 16 0
158 34 0
147 30 0
159 48 0
170 6 0
191 21 0
180 24 0
180 7 0
189 1 0
187 40 0
197 50 0
189 60 0
186 67 0
171 56 0
175 71 0
161 65 0
178 83 0
130 92 0
