76 17 0
64 44 0
126 61 0
165 31 0
171 63 0
176 96 0
167 117 0
32 77 0
41 84 0
24 97 0
4 83 0
3 105 0
72 106 0
1 123 0
120 123 0
195 144 0
171 144 0
182 152 0
186 164 0
198 187 0
1 178 0
1 178 0
194 195 0
184 185 0
174 181 0
165 175 0
152 149 0
156 182 0
144 165 0
138 172 0
133 180 0
140 193 0
134 195 0
127 183 0
120 195 0
114 180 0
114 169 0
119 157 0
124 144 0
86 144 0
65 133 0
47 132 0
28 135 0
38 150 0
46 155 0
63 154 0
67 166 0
56 168 0
44 174 0
33 164 0
26 169 0
17 146 0
12 169 0
2 156 0
9 187 0
18 190 0
27 197 0
37 197 0
40 187 0
55 190 0
50 197 0
73 195 0
70 180 0
86 164 0
83 183 0
96 191 0
93 175 0
98 162 0
103 190 0
107 198 0
166 198 0
153 197 0
195 86 0
