191 13 0
155 15 0
56 23 0
22 41 0
20 52 0
7 66 0
7 85 0
20 83 0
29 67 0
62 48 0
45 49 0
60 38 0
74 36 0
78 54 0
71 74 0
58 76 0
50 71 0
43 85 0
18 101 0
28 101 0
31 90 0
38 75 0
53 60 0
174 188 0
198 163 0
193 172 0
85 157 0
93 129 0
42 133 0
53 126 0
56 109 0
48 122 0
68 131 0
59 134 0
61 146 0
88 149 0
109 134 0
103 130 0
112 146 0
96 159 0
108 161 0
118 166 0
134 161 0
138 169 0
147 156 0
161 164 0
177 152 0
70 117 0
78 119 0
74 92 0
88 66 0
96 66 0
122 69 0
105 80 0
112 85 0
101 89 0
89 94 0
96 101 0
101 108 0
110 113 0
120 103 0
187 100 0
193 88 0
189 49 0
149 65 0
132 68 0
146 100 0
145 111 0
130 130 0
125 145 0
135 143 0
150 139 0
158 111 0
136 123 0
196 142 0
168 140 0
167 152 0
168 130 0
158 89 0
170 87 0
175 161 0
121 132 0
136 109 0
149 124 0
144 46 0
129 35 0
162 148 0
190 114 0
179 109 0
179 131 0
179 136 0
184 145 0
164 105 0
176 40 0
170 120 0
