95 141 0
199 142 0
197 151 0
46 10 0
40 128 0
42 143 0
58 154 0
52 159 0
54 136 0
58 118 0
55 104 0
70 128 0
69 140 0
80 139 0
72 156 0
84 157 0
83 172 0
107 154 0
110 166 0
91 131 0
98 133 0
87 119 0
79 113 0
78 101 0
108 72 0
121 65 0
104 85 0
92 93 0
71 87 0
103 102 0
113 88 0
128 72 0
122 100 0
112 116 0
125 109 0
134 107 0
134 118 0
144 114 0
137 87 0
149 77 0
160 105 0
155 98 0
165 94 0
169 78 0
182 73 0
184 86 0
187 92 0
187 101 0
197 93 0
121 126 0
111 133 0
119 134 0
125 140 0
126 154 0
138 148 0
148 156 0
134 172 0
127 178 0
136 196 0
145 184 0
150 168 0
163 153 0
157 138 0
170 137 0
185 124 0
185 116 0
198 116 0
197 128 0
190 136 0
186 150 0
184 165 0
175 173 0
163 182 0
150 198 0
161 196 0
172 194 0
181 192 0
191 197 0
191 175 0
197 162 0
