34 46 0
35 59 0
42 66 0
55 80 0
21 87 0
49 97 0
37 108 0
58 106 0
69 102 0
84 111 0
74 109 0
101 99 0
136 120 0
141 133 0
128 130 0
136 140 0
161 160 0
193 171 0
173 160 0
170 172 0
182 176 0
181 192 0
171 196 0
110 127 0
105 116 0
103 137 0
93 136 0
86 129 0
80 120 0
72 120 0
64 134 0
48 128 0
47 140 0
30 120 0
28 133 0
37 138 0
36 155 0
16 140 0
7 138 0
9 114 0
2 108 0
5 122 0
61 152 0
75 159 0
87 164 0
64 163 0
73 179 0
53 176 0
50 186 0
73 192 0
70 198 0
43 182 0
32 187 0
23 179 0
31 168 0
17 162 0
8 163 0
6 172 0
18 183 0
8 187 0
6 197 0
31 197 0
54 194 0
115 181 0
125 172 0
113 166 0
110 153 0
112 140 0
122 152 0
119 140 0
126 138 0
137 156 0
148 198 0
152 186 0
135 172 0
128 196 0
116 196 0
105 196 0
76 93 0
22 12 0
38 12 0
137 9 0
105 19 0
49 38 1
63 49 1
74 55 1
89 58 1
101 38 1
107 56 1
117 63 1
121 70 1
128 75 1
130 84 1
135 91 1
143 109 1
151 121 1
162 123 1
169 132 1
174 139 1
164 16 1
181 7 1
187 27 1
192 14 1
194 35 1
173 31 1
176 41 1
157 42 1
163 50 1
175 58 1
188 67 1
198 67 1
172 71 1
183 80 1
189 88 1
192 98 1
198 111 1
199 150 1
188 147 1
