80 197 0
83 181 0
68 179 0
49 180 0
52 192 0
40 195 0
25 197 0
12 196 0
9 179 0
22 165 0
32 158 0
41 151 0
45 164 0
64 145 0
63 159 0
83 148 0
84 164 0
99 146 0
92 135 0
78 133 0
85 117 0
97 106 0
110 103 0
99 92 0
82 102 0
84 92 0
88 77 0
115 89 0
65 76 0
47 78 0
42 85 0
39 99 0
48 97 0
57 91 0
68 98 0
67 121 0
59 117 0
50 129 0
26 139 0
2 152 0
4 136 0
1 122 0
10 90 0
8 105 0
12 118 0
21 128 0
34 122 0
25 112 0
21 81 0
34 78 0
7 69 0
1 46 0
7 37 0
6 6 0
27 16 0
41 32 0
50 41 0
26 51 0
17 43 0
29 40 0
20 61 0
35 66 0
45 53 0
43 6 0
62 2 0
55 12 0
66 17 0
67 32 0
75 43 0
82 34 0
73 63 0
85 53 0
94 47 0
101 41 0
111 42 0
101 62 0
111 56 0
111 73 0
120 66 0
131 65 0
94 19 0
90 4 0
103 6 0
117 8 0
103 25 0
109 16 0
116 29 0
127 15 0
135 2 0
150 10 0
162 5 0
163 20 0
174 14 0
173 34 0
182 42 0
195 53 0
183 61 0
160 50 0
144 32 0
132 31 0
135 47 0
149 61 0
162 75 0
174 81 0
183 75 0
134 95 0
133 103 0
137 112 0
146 89 0
159 90 0
170 98 0
185 96 0
191 106 0
197 90 0
192 81 0
195 121 0
185 128 0
174 116 0
157 114 0
163 128 0
148 129 0
140 148 0
131 141 0
159 150 0
186 146 0
196 142 0
198 155 0
176 165 0
169 183 0
120 47 0
129 52 0
35 188 0
57 27 0
