86 165 0
72 166 0
2 106 0
5 169 0
37 194 0
17 197 0
181 8 0
181 29 0
183 65 0
8 46 1
17 49 1
19 40 1
27 47 1
30 30 1
38 35 1
49 27 1
48 42 1
37 48 1
32 59 1
24 64 1
18 60 1
4 61 1
13 70 1
22 84 1
28 73 1
37 62 1
36 81 1
43 76 1
31 90 1
40 96 1
43 88 1
52 80 1
55 93 1
50 69 1
51 54 1
59 44 1
62 30 1
69 21 1
80 17 1
71 35 1
82 40 1
78 50 1
65 55 1
62 70 1
65 81 1
68 90 1
68 100 1
69 111 1
77 118 1
82 107 1
76 97 1
76 84 1
86 93 1
86 79 1
80 76 1
70 71 1
75 62 1
83 68 1
89 59 1
97 53 1
89 49 1
98 42 1
95 35 1
97 23 1
110 36 1
121 30 1
110 22 1
128 41 1
115 46 1
106 59 1
113 65 1
126 56 1
141 57 1
135 70 1
125 72 1
107 74 1
94 66 1
97 78 1
96 91 1
95 101 1
89 120 1
83 129 1
92 130 1
105 123 1
105 132 1
116 138 1
109 147 1
109 160 1
104 171 1
115 165 1
122 155 1
125 141 1
126 132 1
118 123 1
109 116 1
103 112 1
110 101 1
110 88 1
121 86 1
125 97 1
118 108 1
128 106 1
127 118 1
138 111 1
138 97 1
135 81 1
146 84 1
145 74 1
153 89 1
156 100 1
153 107 1
150 120 1
163 116 1
162 105 1
167 95 1
137 123 1
149 133 1
159 127 1
161 141 1
166 148 1
175 124 1
172 132 1
162 160 1
167 168 1
170 186 1
169 196 1
155 196 1
156 186 1
158 173 1
147 163 1
152 153 1
144 143 1
133 150 1
133 162 1
149 174 1
138 186 1
128 175 1
122 189 1
134 198 1
116 179 1
