191 181 0
112 195 0
128 193 0
124 178 0
97 194 0
91 185 0
79 196 0
75 188 0
65 186 0
56 185 0
44 174 0
35 194 0
4 195 0
4 158 0
46 190 0
33 160 0
36 143 0
45 140 0
59 149 0
74 159 0
71 141 0
40 162 0
69 168 0
94 174 0
112 162 0
95 155 0
100 133 0
108 148 0
120 144 0
135 146 0
137 133 0
149 128 0
118 125 0
131 159 0
71 120 0
62 124 0
86 127 0
119 112 0
165 122 0
157 110 0
190 110 0
198 120 0
165 94 0
20 116 0
22 102 0
35 102 0
50 96 0
62 96 0
4 89 0
13 82 0
16 95 0
24 69 0
4 54 0
14 50 0
2 24 0
5 16 0
20 11 0
7 3 0
21 27 0
29 27 0
38 8 0
31 16 0
60 24 0
69 7 0
84 18 0
74 24 0
62 36 0
34 43 0
26 56 0
36 61 0
51 62 0
52 50 0
71 56 0
85 50 0
68 72 0
54 71 0
81 67 0
83 81 0
89 66 0
101 58 0
94 93 0
90 111 0
100 110 0
107 94 0
125 95 0
120 86 0
148 88 0
133 81 0
129 69 0
141 72 0
154 70 0
140 89 0
142 57 0
134 58 0
113 40 0
97 17 0
116 6 0
116 17 0
134 44 0
117 51 0
149 45 0
159 54 0
169 50 0
178 42 0
172 34 0
195 36 0
199 25 0
171 23 0
173 13 0
189 10 0
188 2 0
153 4 0
141 22 0
190 46 0
184 55 0
188 67 0
199 74 0
2 181 0
80 175 0
52 130 0
