23 4 1
32 11 1
25 20 1
23 30 1
52 33 1
27 38 1
29 51 1
34 61 1
43 52 1
53 65 1
39 69 1
23 72 1
28 82 1
42 94 1
50 104 1
62 107 1
74 111 1
88 105 1
99 107 1
106 102 1
102 84 1
121 93 1
108 79 1
114 76 1
127 73 1
132 68 1
119 57 1
144 67 1
152 61 1
162 50 1
166 41 1
169 29 1
172 18 1
176 8 1
197 22 0
189 29 0
189 42 0
149 89 0
153 95 0
175 100 0
198 116 0
193 107 0
187 99 0
172 119 0
152 121 0
141 119 0
123 119 0
110 128 0
118 132 0
88 132 0
61 136 0
47 127 0
28 130 0
3 65 0
2 94 0
6 118 0
1 148 0
16 143 0
15 135 0
17 129 0
27 141 0
48 143 0
59 153 0
49 152 0
39 156 0
24 160 0
15 173 0
20 198 0
39 196 0
53 193 0
36 184 0
50 182 0
45 173 0
44 163 0
61 165 0
76 159 0
77 145 0
89 151 0
77 181 0
71 193 0
96 188 0
106 185 0
104 196 0
164 197 0
156 182 0
182 190 0
197 185 0
194 176 0
185 166 0
180 154 0
176 150 0
148 171 0
167 167 0
156 158 0
145 167 0
130 198 0
138 177 0
117 183 0
123 174 0
115 167 0
108 155 0
126 159 0
131 149 0
133 136 0
147 134 0
159 128 0
168 134 0
173 142 0
135 155 0
94 178 0
106 176 0
199 68 0
