10 5 0
13 31 0
1 5 0
2 42 0
26 29 0
34 23 0
26 11 0
37 3 0
47 9 0
54 5 0
62 21 0
59 29 0
32 46 0
37 36 0
8 68 0
14 82 0
5 94 0
24 87 0
30 74 0
36 89 0
46 74 0
53 67 0
74 49 0
82 58 0
97 50 0
108 59 0
100 28 0
88 30 0
79 26 0
72 11 0
89 15 0
86 4 0
100 15 0
109 11 0
121 14 0
133 11 0
143 16 0
133 28 0
149 22 0
143 2 0
165 4 0
176 1 0
181 5 0
175 14 0
165 14 0
183 21 0
195 17 0
198 32 0
197 27 0
197 6 0
189 11 0
168 38 0
157 30 0
148 51 0
129 53 0
168 52 0
188 54 0
197 44 0
189 67 0
195 66 0
172 62 0
194 83 0
178 93 0
157 89 0
139 87 0
118 67 0
115 109 0
119 114 0
146 114 0
157 108 0
168 100 0
133 122 0
71 94 0
62 90 0
64 103 0
58 110 0
59 122 0
66 116 0
76 116 0
29 102 0
25 115 0
13 115 0
22 128 0
34 133 0
4 123 0
6 143 0
3 158 0
27 169 0
37 169 0
47 161 0
51 146 0
63 154 0
59 177 0
64 187 0
91 169 0
90 128 0
98 146 0
116 143 0
133 151 0
149 144 0
145 130 0
132 187 0
122 175 0
122 187 0
112 187 0
100 196 0
145 172 0
144 182 0
149 161 0
159 188 0
166 183 0
182 169 0
185 181 0
182 157 0
183 132 0
178 127 0
188 112 0
198 174 0
190 157 0
199 153 0
197 184 0
197 194 0
152 197 0
33 197 0
2 197 0
