107 83 2
56 8 1
67 1 1
75 4 1
64 20 1
74 24 1
87 12 1
62 38 1
78 38 1
90 22 1
90 36 1
83 50 1
94 48 1
102 33 1
114 40 1
121 50 1
123 61 1
110 66 1
102 60 1
94 73 1
118 76 1
127 76 1
131 68 1
135 77 1
132 88 1
122 95 1
138 97 1
146 88 1
148 78 1
153 99 1
162 82 1
163 92 1
172 94 1
180 80 1
171 72 1
171 62 1
187 64 1
178 52 1
193 54 1
175 38 1
188 42 1
183 28 1
193 32 1
188 18 1
197 8 1
196 1 1
196 81 1
192 98 1
125 31 2
9 10 0
25 4 0
14 28 0
20 20 0
33 36 0
45 48 0
13 50 0
1 56 0
16 70 0
26 88 0
8 80 0
11 96 0
18 97 0
30 98 0
49 108 0
55 98 0
56 88 0
12 114 0
12 124 0
2 127 0
11 148 0
19 160 0
31 146 0
20 196 0
5 193 0
50 144 0
66 142 0
86 114 0
99 110 0
118 116 0
121 136 0
111 154 0
112 178 0
150 152 0
162 166 0
178 158 0
185 171 0
198 170 0
194 154 0
197 132 0
174 130 0
172 189 0
82 99 0
149 116 0
159 120 0
168 114 0
100 96 0
101 180 0
55 192 0
