14 15 0
7 7 0
54 19 0
80 19 0
94 27 0
107 32 0
118 13 0
65 84 0
50 78 0
23 121 0
6 124 0
42 143 0
86 171 0
79 151 0
94 154 0
104 151 0
145 186 0
139 173 0
126 172 0
166 169 0
195 187 0
196 167 0
168 156 0
152 155 0
145 141 0
145 130 0
138 133 0
131 133 0
103 136 0
89 132 0
87 123 0
88 112 0
79 99 0
73 86 0
92 99 0
108 93 0
110 110 0
123 114 0
138 117 0
160 125 0
176 136 0
199 135 0
192 116 0
176 111 0
96 85 0
108 183 0
106 171 0
91 3 0
131 30 0
193 90 0
179 90 0
196 75 0
186 77 0
187 54 0
179 59 0
163 65 0
149 24 0
165 30 0
158 37 0
151 38 0
142 37 0
197 19 0
195 1 0
183 3 0
185 12 0
179 23 0
191 25 0
162 8 0
122 26 0
168 55 0
167 26 0
196 46 0
140 18 0
130 4 0
111 1 0
121 162 0
