23 59 0
82 9 0
88 3 0
98 9 0
113 3 0
68 92 0
48 69 0
2 120 0
1 155 0
3 175 0
8 194 0
1 198 0
24 182 0
20 160 0
63 162 0
74 153 0
94 124 0
57 131 0
96 103 0
129 100 0
133 90 0
152 96 0
163 83 0
164 57 0
180 54 0
194 56 0
136 106 0
138 118 0
147 117 0
155 112 0
162 118 0
178 116 0
187 120 0
172 128 0
186 139 0
177 144 0
178 158 0
148 139 0
136 135 0
125 137 0
112 128 0
108 138 0
104 147 0
92 179 0
105 185 0
104 194 0
82 190 0
72 182 0
59 177 0
63 184 0
50 186 0
41 196 0
50 197 0
135 170 0
135 198 0
127 191 0
160 161 0
129 143 0
142 151 0
172 176 0
164 187 0
185 195 0
188 181 0
1 182 0
1 182 0
195 193 0
