1 53 0
34 3 0
46 4 0
49 14 0
39 18 0
47 25 0
42 35 0
41 58 0
55 46 0
64 36 0
66 24 0
57 19 0
66 11 0
56 7 0
63 2 0
77 27 0
81 38 0
64 55 0
69 46 0
64 70 0
54 77 0
50 85 0
58 98 0
45 106 0
70 78 0
86 65 0
77 66 0
84 55 0
94 51 0
105 24 0
107 12 0
108 1 0
118 9 0
124 4 0
131 10 0
123 17 0
128 28 0
136 26 0
142 16 0
149 1 0
183 3 0
168 2 0
164 10 0
152 18 0
165 20 0
165 30 0
180 21 0
193 12 0
188 29 0
195 37 0
199 63 0
193 55 0
186 50 0
177 52 0
167 46 0
153 36 0
158 43 0
151 49 0
148 56 0
143 60 0
138 66 0
133 58 0
140 51 0
135 42 0
125 50 0
117 59 0
114 69 0
123 71 0
135 75 0
143 82 0
148 74 0
151 64 0
167 65 0
182 65 0
191 72 0
192 90 0
184 78 0
178 70 0
168 81 0
155 86 0
136 95 0
125 82 0
120 91 0
107 85 0
90 89 0
76 87 0
76 93 0
76 106 0
76 115 0
74 123 0
63 105 0
54 132 0
46 137 0
46 144 0
37 144 0
24 148 0
44 74 0
88 106 0
82 131 0
90 135 0
90 145 0
98 158 0
106 149 0
106 138 0
104 132 0
104 121 0
118 132 0
126 143 0
133 112 0
133 121 0
137 127 0
142 117 0
156 110 0
187 113 0
174 116 0
163 118 0
168 126 0
159 125 0
149 132 0
164 146 0
170 138 0
195 133 0
192 144 0
182 148 0
176 163 0
173 170 0
185 184 0
175 181 0
167 194 0
198 199 0
158 198 0
147 198 0
149 189 0
170 157 0
162 162 0
153 158 0
152 167 0
147 171 0
146 178 0
140 183 0
129 183 0
129 167 0
102 188 0
88 179 0
76 194 0
58 193 0
53 198 0
68 199 0
94 197 0
117 197 0
124 197 0
