179 173 0
198 177 0
198 187 0
192 197 0
3 151 1
3 64 1
10 76 1
10 85 1
15 73 1
22 74 1
27 65 1
33 81 1
38 62 1
41 72 1
49 65 1
52 78 1
57 67 1
64 82 1
71 72 1
82 65 1
92 70 1
101 63 1
110 61 1
117 72 1
122 58 1
133 56 1
144 58 1
155 66 1
164 55 1
176 53 1
185 59 1
193 50 1
192 110 1
196 121 1
188 101 1
190 130 1
179 129 1
175 138 1
169 115 1
167 123 1
158 112 1
149 116 1
157 122 1
157 131 1
154 139 1
148 127 1
138 124 1
129 122 1
137 135 1
121 134 1
113 135 1
102 141 1
97 132 1
92 142 1
89 137 1
81 145 1
75 136 1
67 147 1
59 143 1
50 149 1
43 154 1
33 155 1
22 151 1
14 143 1
108 122 1
64 41 1
169 37 1
62 51 1
