11 158 0
19 139 0
7 129 0
20 132 0
28 145 0
28 154 0
42 154 0
43 166 0
18 174 0
27 184 0
43 196 0
58 199 0
49 183 0
67 184 0
32 178 0
62 167 0
62 159 0
56 153 0
76 156 0
80 165 0
86 171 0
94 176 0
96 162 0
91 153 0
101 151 0
110 150 0
107 163 0
121 163 0
122 142 0
134 142 0
124 122 0
131 117 0
136 116 0
146 114 0
150 104 0
138 102 0
153 95 0
153 87 0
144 83 0
131 83 0
149 73 0
141 55 0
151 43 0
140 31 0
127 28 0
135 21 0
133 14 0
142 17 0
151 18 0
167 49 0
170 62 0
160 63 0
171 76 0
166 86 0
166 97 0
182 83 0
188 96 0
182 102 0
190 109 0
195 99 0
173 114 0
173 132 0
160 144 0
166 158 0
195 146 0
140 163 0
147 169 0
156 167 0
162 174 0
150 181 0
156 183 0
149 192 0
140 189 0
135 179 0
113 184 0
108 190 0
120 198 0
162 196 0
171 197 0
184 195 0
196 195 0
196 175 0
185 166 0
76 5 1
85 11 1
91 24 1
84 37 1
65 36 1
60 50 1
48 51 1
54 56 1
51 37 1
38 43 1
38 57 1
32 70 1
25 66 1
15 76 1
14 60 1
8 49 1
4 38 1
9 28 1
2 19 1
17 13 1
19 3 1
52 2 1
61 4 1
45 28 1
35 30 1
24 32 1
56 78 1
50 86 1
38 86 1
31 92 1
15 92 1
27 99 1
35 105 1
48 98 1
18 105 1
30 111 1
28 123 1
37 131 1
49 139 1
52 127 1
59 142 1
71 143 1
75 132 1
85 139 1
88 129 1
98 133 1
91 117 1
105 122 1
105 107 1
113 96 1
123 91 1
123 102 1
107 89 1
112 81 1
120 76 1
126 64 1
120 54 1
110 51 1
107 61 1
110 73 1
96 68 1
84 66 1
74 66 1
67 80 1
