161 39 1
172 44 1
172 51 1
185 59 1
169 62 1
157 71 1
148 61 1
139 69 1
128 70 1
115 69 1
111 87 1
91 76 1
80 77 1
79 65 1
89 60 1
93 66 1
102 66 1
105 73 1
88 90 1
87 102 1
103 98 1
104 109 1
119 106 1
121 121 1
89 119 1
137 123 1
128 133 1
131 141 1
145 149 1
142 138 1
158 146 1
168 146 1
176 149 1
183 132 1
196 130 1
189 145 1
106 119 1
110 130 1
176 37 1
184 41 1
194 34 1
197 21 1
190 19 1
198 4 1
198 39 1
190 4 1
72 190 1
87 186 1
96 181 1
102 179 1
118 184 1
116 176 1
122 165 1
109 165 1
111 154 1
112 145 1
100 134 1
36 178 1
38 150 1
36 130 1
34 111 1
192 110 1
146 179 0
138 195 0
125 199 0
151 197 0
185 173 0
196 187 0
86 198 0
101 197 0
24 132 0
19 110 0
27 108 0
20 93 0
17 81 0
16 67 0
13 53 0
3 116 0
36 13 0
