25 159 1
35 158 1
42 157 1
52 162 1
58 149 1
67 151 1
72 137 1
85 117 1
98 115 1
107 107 1
119 115 1
127 122 1
17 164 1
11 179 1
5 171 1
184 52 1
195 63 1
19 142 1
20 151 1
67 7 0
18 24 0
16 46 0
28 41 0
25 66 0
41 63 0
57 61 0
17 90 0
14 113 0
89 53 0
52 31 0
40 47 0
6 26 0
144 182 0
136 175 0
124 166 0
131 149 0
161 122 0
166 140 0
151 142 0
157 155 0
163 191 0
156 192 0
163 169 0
172 172 0
179 180 0
185 172 0
187 132 0
68 30 0
160 7 0
126 27 0
168 30 0
182 20 0
184 23 0
131 103 0
146 108 0
125 107 0
136 116 0
97 84 0
111 82 0
105 41 0
37 80 0
9 125 0
22 1 0
40 2 0
193 166 0
195 172 0
197 191 0
185 193 0
96 185 0
87 197 0
145 65 0
135 67 0
131 55 0
