176 197 0
156 192 0
142 196 0
121 197 0
125 190 0
116 179 0
144 181 0
91 192 0
76 192 0
72 198 0
49 175 0
79 167 0
56 160 0
43 163 0
45 152 0
32 157 0
23 152 0
14 150 0
8 125 0
20 117 0
2 113 0
10 96 0
13 74 0
11 59 0
4 13 0
4 2 0
43 51 0
45 37 0
49 28 0
58 21 0
59 7 0
32 12 0
79 79 0
91 95 0
174 172 0
195 174 0
197 151 0
177 137 0
181 131 0
188 96 0
116 88 0
110 91 0
100 71 0
89 63 0
90 53 0
105 60 0
77 47 0
98 44 0
97 30 0
110 19 0
120 6 0
123 35 0
136 57 0
148 47 0
151 30 0
155 15 0
165 15 0
172 31 0
171 45 0
188 45 0
192 17 0
196 8 0
199 38 0
183 66 0
136 76 0
140 94 0
1 94 0
83 1 0
146 96 0
