184 198 0
177 174 0
162 182 0
148 169 0
129 154 0
113 139 0
98 128 0
129 127 0
134 131 0
161 128 0
192 119 0
196 106 0
194 92 0
149 99 0
118 104 0
109 101 0
119 90 0
98 91 0
104 81 0
63 96 0
56 86 0
59 72 0
67 72 0
67 82 0
87 80 0
98 75 0
120 75 0
114 57 0
104 51 0
88 55 0
68 56 0
61 47 0
74 41 0
47 41 0
34 37 0
54 37 0
53 22 0
34 8 0
12 19 0
63 5 0
113 32 0
131 27 0
162 49 0
132 59 0
199 29 0
183 74 0
79 102 0
118 147 0
11 54 0
46 196 1
48 188 1
53 180 1
72 176 1
85 175 1
95 174 1
100 183 1
99 193 1
90 195 1
58 163 1
55 171 1
67 166 1
