199 29 1
198 41 1
198 50 1
197 61 1
198 71 1
115 69 1
111 73 1
118 63 1
124 54 1
129 46 1
140 43 1
138 51 1
148 42 1
148 56 1
151 50 1
158 46 1
170 43 1
161 61 1
167 55 1
178 59 1
171 67 1
175 78 1
176 89 1
171 107 1
169 119 1
169 129 1
169 138 1
158 138 1
148 134 1
142 139 1
152 150 1
176 154 1
112 82 1
120 91 1
109 97 1
126 101 1
118 109 1
131 113 1
127 121 1
136 128 1
127 134 1
1 196 1
6 177 1
1 165 1
7 149 1
14 137 1
25 140 1
20 151 1
15 163 1
19 122 1
34 119 1
41 135 1
36 149 1
68 135 1
50 124 1
71 152 1
77 167 1
94 178 1
107 192 1
88 199 1
95 148 1
92 154 1
5 45 0
19 50 0
1 64 0
39 63 0
52 66 0
70 76 0
15 93 0
32 99 0
48 103 0
91 95 0
113 152 0
124 149 0
124 169 0
152 171 0
162 169 0
174 170 0
185 169 0
192 159 0
181 144 0
197 150 0
198 176 0
184 189 0
176 189 0
169 188 0
154 193 0
197 196 0
