9 195 1
25 192 1
18 166 1
8 153 1
1 129 1
32 168 1
39 177 1
42 189 1
53 177 1
24 164 1
53 187 1
2 163 1
88 191 1
69 189 1
105 185 1
121 185 1
108 198 1
85 177 1
64 174 1
73 167 1
82 163 1
69 159 1
62 155 1
53 156 1
60 164 1
91 154 1
108 159 1
120 166 1
114 144 1
100 148 1
96 139 1
108 136 1
71 144 1
24 148 1
43 145 1
32 137 1
22 130 1
7 113 1
18 114 1
18 99 1
5 96 1
3 81 1
10 79 1
21 84 1
32 70 1
41 70 1
45 83 1
40 90 1
33 82 1
28 95 1
34 105 1
46 98 1
42 111 1
55 112 1
67 116 1
70 128 1
63 138 1
54 132 1
43 132 1
77 121 1
88 123 1
81 134 1
98 106 1
85 97 1
75 90 1
50 69 1
58 79 1
30 158 1
42 160 1
34 150 1
162 145 0
174 107 0
