6 18 0
20 47 0
31 44 0
33 57 0
14 63 0
5 64 0
36 3 0
47 3 0
40 12 0
53 17 0
55 36 0
67 29 0
15 82 0
38 72 0
60 61 0
52 84 0
22 94 0
42 99 0
30 111 0
60 102 0
39 125 0
48 128 0
43 142 0
22 142 0
12 156 0
14 190 0
50 192 0
47 173 0
70 160 0
63 184 0
63 135 0
90 153 0
91 137 0
86 112 0
78 38 0
93 11 0
112 17 0
98 26 0
93 62 0
95 76 0
101 97 0
102 105 0
106 118 0
110 129 0
125 129 0
111 149 0
111 163 0
164 193 0
147 195 0
122 194 0
99 199 0
88 184 0
123 170 0
131 157 0
172 166 0
155 151 0
149 129 0
185 144 0
176 130 0
175 119 0
185 110 0
196 128 0
122 65 0
130 64 0
131 75 0
126 87 0
118 87 0
151 60 0
143 82 0
164 72 0
150 35 0
168 41 0
185 55 0
180 35 0
183 12 0
199 29 0
182 92 0
164 97 0
154 106 0
107 72 0
142 14 0
196 35 0
133 50 0
194 83 0
60 171 0
183 186 0
110 173 0
