21 1 0
29 5 0
44 5 0
49 14 0
58 21 0
58 1 0
67 1 0
70 6 0
74 14 0
99 1 0
116 5 0
127 2 0
144 2 0
161 1 0
176 1 0
172 22 0
161 17 0
159 28 0
148 51 0
129 60 0
121 73 0
114 82 0
110 91 0
105 99 0
89 95 0
90 81 0
64 85 0
78 103 0
53 97 0
53 108 0
48 131 0
33 142 0
14 178 0
4 157 0
15 144 0
22 133 0
15 131 0
7 130 0
3 90 0
13 86 0
31 92 0
26 106 0
63 62 0
34 59 0
22 64 0
4 73 0
2 62 0
18 54 0
9 47 0
23 44 0
25 26 0
15 24 0
4 16 0
70 29 0
88 26 0
103 23 0
105 40 0
108 52 0
109 59 0
124 44 0
120 34 0
129 16 0
137 13 0
150 12 0
136 34 0
136 45 0
86 40 0
41 30 0
6 197 1
17 196 1
31 198 1
4 190 1
40 191 1
38 179 1
49 180 1
47 166 1
53 152 1
64 144 1
72 137 1
68 125 1
65 113 1
75 113 1
85 110 1
84 128 1
64 168 1
77 156 1
86 166 1
101 173 1
88 148 1
92 138 1
108 143 1
117 129 1
105 130 1
97 120 1
97 106 1
110 115 1
117 106 1
124 91 1
139 75 1
126 118 1
132 130 1
128 110 1
138 104 1
143 113 1
148 104 1
159 111 1
155 99 1
138 94 1
152 85 1
165 81 1
177 71 1
156 76 1
159 69 1
164 59 1
