32 4 0
20 15 0
30 13 0
51 9 0
60 1 0
85 4 0
145 40 0
140 52 0
186 179 0
178 187 0
159 190 0
30 52 0
48 59 0
23 75 0
13 71 0
3 78 0
4 87 0
6 98 0
5 149 0
2 158 0
2 175 0
15 177 0
49 159 0
66 123 0
40 138 0
24 127 0
26 111 0
23 88 0
40 77 0
35 88 0
59 79 0
55 95 0
76 92 0
84 89 0
74 104 0
69 108 0
86 105 0
93 113 0
109 132 0
116 144 0
91 146 0
117 162 0
103 176 0
141 172 0
148 169 0
155 167 0
143 155 0
131 146 0
144 127 0
146 101 0
116 98 0
129 101 0
135 110 0
150 117 0
100 34 0
126 83 0
118 86 0
104 107 0
13 165 0
15 51 0
2 55 0
29 67 0
120 130 0
132 136 0
112 110 0
150 184 0
193 104 1
195 113 1
183 94 1
197 85 1
161 87 1
179 79 1
173 67 1
156 69 1
171 52 1
183 46 1
193 51 1
186 67 1
162 31 1
169 40 1
178 24 1
165 18 1
178 11 1
184 2 1
164 3 1
