98 18 0
87 20 0
64 32 0
52 37 0
37 34 0
62 39 0
60 59 0
48 69 0
48 84 0
51 110 0
188 109 0
189 124 0
129 147 0
104 88 0
99 151 0
78 188 0
94 194 0
103 182 0
116 181 0
114 197 0
133 196 0
138 191 0
157 194 0
141 181 0
84 198 0
150 111 0
8 88 0
3 98 0
29 85 0
47 117 0
34 113 0
17 88 0
198 71 1
198 59 1
185 70 1
187 60 1
177 59 1
161 54 1
166 47 1
156 41 1
155 63 1
20 197 1
32 191 1
43 187 1
43 176 1
48 166 1
59 159 1
43 154 1
50 144 1
37 141 1
62 136 1
42 127 1
29 130 1
22 119 1
8 115 1
53 125 1
1 132 1
20 127 1
