31 7 0
16 14 0
23 26 0
18 43 0
9 46 0
2 31 0
4 14 0
1 4 0
48 3 0
43 13 0
39 31 0
51 39 0
39 55 0
26 56 0
23 66 0
4 82 0
21 90 0
37 79 0
41 69 0
51 61 0
48 75 0
5 55 0
22 106 0
26 110 0
8 110 0
20 128 0
11 120 0
30 136 0
39 141 0
25 152 0
20 158 0
11 162 0
3 170 0
6 178 0
14 192 0
24 185 0
40 182 0
49 174 0
62 180 0
65 170 0
65 158 0
55 150 0
51 142 0
68 146 0
58 136 0
68 125 0
52 118 0
43 100 0
34 90 0
59 80 0
68 94 0
77 92 0
78 78 0
72 66 0
72 51 0
70 28 0
58 22 0
71 11 0
70 3 0
89 19 0
83 25 0
82 40 0
93 37 0
102 21 0
102 5 0
118 4 0
121 9 0
141 13 0
137 20 0
174 3 0
183 17 0
191 11 0
190 26 0
191 42 0
182 34 0
178 47 0
166 46 0
157 56 0
142 50 0
135 40 0
128 51 0
106 41 0
122 42 0
89 54 0
97 58 0
102 70 0
106 82 0
120 73 0
117 79 0
116 91 0
121 104 0
107 107 0
96 94 0
88 107 0
92 116 0
108 124 0
92 136 0
77 124 0
93 152 0
98 157 0
89 163 0
93 183 0
96 193 0
84 199 0
112 174 0
125 180 0
146 193 0
129 198 0
164 199 0
183 195 0
178 181 0
159 170 0
144 157 0
162 114 0
158 101 0
170 103 0
161 84 0
169 72 0
140 84 0
148 87 0
142 102 0
135 122 0
123 127 0
129 134 0
113 141 0
119 153 0
198 101 0
194 72 0
199 131 0
191 128 0
