9 20 0
14 26 0
21 14 0
27 25 0
21 5 0
35 2 0
53 7 0
1 16 0
47 28 0
55 27 0
75 27 0
85 41 0
86 67 0
71 67 0
53 48 0
22 45 0
18 55 0
2 54 0
11 67 0
5 81 0
31 85 0
33 65 0
45 80 0
57 74 0
68 81 0
66 95 0
54 103 0
23 98 0
44 112 0
28 116 0
5 114 0
12 130 0
2 132 0
31 138 0
46 134 0
49 143 0
69 131 0
76 140 0
24 152 0
16 161 0
9 174 0
15 188 0
17 198 0
26 180 0
38 178 0
34 198 0
56 173 0
73 197 0
86 190 0
73 159 0
84 148 0
91 172 0
94 141 0
101 131 0
112 129 0
109 169 0
109 157 0
122 161 0
120 146 0
131 125 0
139 150 0
142 162 0
147 184 0
134 187 0
120 186 0
106 184 0
166 196 0
183 187 0
175 175 0
167 158 0
190 167 0
198 178 0
183 149 0
190 135 0
182 134 0
167 134 0
185 121 0
176 111 0
170 100 0
154 101 0
140 75 0
126 79 0
135 65 0
155 58 0
162 67 0
177 75 0
177 87 0
192 64 0
170 54 0
178 51 0
185 46 0
188 38 0
175 27 0
162 24 0
151 24 0
154 13 0
162 13 0
150 3 0
176 1 0
186 20 0
197 32 0
198 53 0
198 89 0
128 44 0
141 47 0
131 30 0
121 51 0
97 39 0
88 24 0
107 22 0
108 3 0
126 8 0
123 18 0
120 25 0
109 54 0
96 58 0
110 78 0
82 85 0
95 91 0
129 97 0
84 104 0
103 116 0
66 114 0
149 199 0
159 182 0
