64 92 1
25 96 1
5 19 0
11 5 0
30 14 0
118 77 0
89 109 0
70 108 0
62 115 0
52 120 0
41 120 0
21 127 0
45 130 0
63 130 0
53 146 0
22 163 0
20 173 0
2 163 0
19 198 0
50 184 0
46 193 0
63 193 0
89 140 0
126 140 0
130 126 0
155 97 0
181 141 0
161 166 0
124 152 0
123 165 0
145 180 0
166 199 0
192 188 0
198 195 0
5 39 1
18 37 1
18 49 1
30 54 1
31 35 1
38 48 1
50 43 1
57 38 1
48 57 1
55 56 1
65 48 1
63 55 1
82 58 1
69 63 1
56 67 1
48 69 1
44 78 1
48 94 1
57 78 1
63 81 1
73 78 1
48 102 1
36 102 1
28 109 1
11 115 1
2 119 1
