37 106 0
46 98 0
22 126 0
26 146 0
35 173 0
58 169 0
57 158 0
55 142 0
76 144 0
85 148 0
94 157 0
94 171 0
83 185 0
100 139 0
109 135 0
120 134 0
138 138 0
70 76 0
45 76 0
70 63 0
83 49 0
92 38 0
94 80 0
76 91 0
67 113 0
46 186 0
106 115 0
107 97 0
95 95 0
115 75 0
124 73 0
154 45 0
131 55 0
130 44 0
114 48 0
162 23 0
185 9 0
185 69 0
148 91 0
197 41 0
85 23 0
74 14 0
58 25 0
32 29 0
20 40 0
17 10 0
4 16 0
6 41 0
25 14 0
46 5 0
47 58 0
150 11 0
72 23 0
182 47 0
132 79 0
136 161 0
191 93 1
186 105 1
175 100 1
166 100 1
167 110 1
158 128 1
167 125 1
163 144 1
160 157 1
154 178 1
143 187 1
158 167 1
131 186 1
121 194 1
107 196 1
97 196 1
