8 1 0
0 16 0
4 30 0
13 13 0
15 25 0
22 21 0
34 18 0
38 2 0
54 7 0
57 21 0
81 12 0
94 4 0
104 8 0
110 0 0
123 13 0
137 13 0
144 9 0
155 21 0
160 33 0
1 22 0
1 22 0
187 31 0
146 54 0
138 39 0
152 41 0
127 36 0
116 37 0
105 44 0
106 64 0
96 55 0
82 53 0
82 59 0
88 48 0
92 41 0
94 20 0
81 34 0
69 24 0
53 39 0
39 45 0
32 31 0
8 49 0
27 55 0
15 66 0
0 65 0
1 84 0
1 91 0
29 67 0
44 64 0
59 57 0
49 77 0
31 77 0
31 91 0
18 94 0
27 104 0
49 89 0
71 86 0
79 86 0
97 84 0
100 91 0
117 89 0
125 78 0
140 69 0
154 86 0
165 96 0
177 84 0
182 76 0
198 77 0
195 102 0
179 99 0
172 124 0
155 123 0
182 138 0
172 148 0
199 156 0
186 160 0
195 176 0
193 189 0
172 180 0
161 183 0
155 171 0
159 198 0
146 197 0
135 177 0
151 159 0
130 151 0
146 132 0
138 125 0
128 118 0
105 129 0
120 142 0
117 153 0
121 194 0
110 196 0
114 183 0
105 173 0
94 177 0
80 191 0
56 195 0
37 193 0
45 177 0
35 127 0
22 194 0
14 196 0
10 186 0
3 199 0
0 184 0
0 163 0
0 149 0
0 136 0
13 156 0
14 164 0
30 155 0
40 154 0
48 128 0
57 122 0
61 137 0
62 150 0
72 169 0
93 159 0
94 148 0
95 123 0
79 128 0
74 139 0
