190 130 1
179 145 1
168 158 1
169 170 1
169 182 1
158 180 1
161 190 1
174 190 1
181 180 1
186 190 1
195 197 1
181 169 1
182 198 1
88 14 1
5 13 1
4 4 1
16 10 1
30 13 1
53 19 1
60 25 1
73 20 1
72 34 1
58 40 1
42 44 1
15 44 1
34 32 1
24 25 1
11 25 1
47 33 1
80 36 1
5 66 1
9 75 1
5 85 1
15 79 1
18 88 1
25 64 1
29 73 1
34 82 1
36 98 1
30 110 1
46 94 1
58 84 1
52 79 1
54 70 1
62 94 1
72 81 1
66 70 1
80 90 1
86 76 1
78 70 1
70 60 1
59 59 1
49 58 1
41 57 1
78 46 1
83 54 1
92 64 1
100 70 1
105 56 1
99 49 1
109 72 1
118 78 1
91 83 1
