49 178 0
36 145 0
64 153 0
126 158 0
139 163 0
115 140 0
116 147 0
16 102 0
7 112 0
1 97 0
4 82 0
6 72 0
5 61 0
4 51 0
8 56 0
14 47 0
4 30 0
3 5 0
14 18 0
24 6 0
22 28 0
39 13 0
56 5 0
37 26 0
37 53 0
27 61 0
17 73 0
47 73 0
42 80 0
34 81 0
29 72 0
56 56 0
38 45 0
58 38 0
68 33 0
75 15 0
74 25 0
87 12 0
95 21 0
75 46 0
68 71 0
83 69 0
79 78 0
78 86 0
92 98 0
84 90 0
96 80 0
115 56 0
101 56 0
92 43 0
100 37 0
110 17 0
113 2 0
119 9 0
128 3 0
134 9 0
144 1 0
146 18 0
151 11 0
131 22 0
125 30 0
116 31 0
125 53 0
133 47 0
121 43 0
140 43 0
152 32 0
165 36 0
178 44 0
199 58 0
177 68 0
171 55 0
161 54 0
150 56 0
140 58 0
138 70 0
123 79 0
138 89 0
129 94 0
136 105 0
146 95 0
154 107 0
157 100 0
149 83 0
162 72 0
135 122 0
119 122 0
141 138 0
184 168 0
190 159 0
198 153 0
182 159 0
183 146 0
186 113 0
188 124 0
198 123 0
193 86 0
186 97 0
160 93 0
167 83 0
166 167 0
103 107 0
150 118 0
49 45 0
