21 3 0
23 14 0
19 22 0
15 24 0
7 26 0
5 34 0
10 44 0
20 46 0
15 58 0
22 61 0
33 59 0
34 39 0
28 28 0
33 19 0
42 19 0
49 22 0
51 27 0
45 36 0
40 48 0
48 61 0
49 81 0
49 90 0
43 96 0
55 96 0
61 68 0
61 84 0
57 14 0
65 20 0
76 16 0
66 2 0
84 6 0
75 6 0
86 30 0
92 18 0
95 3 0
103 9 0
115 2 0
112 18 0
101 25 0
90 43 0
81 40 0
71 50 0
74 61 0
75 72 0
71 83 0
71 92 0
68 103 0
79 97 0
84 100 0
81 109 0
98 94 0
90 84 0
84 73 0
85 59 0
95 54 0
105 47 0
118 44 0
119 26 0
130 26 0
127 12 0
134 1 0
158 2 0
171 4 0
188 4 0
190 17 0
181 12 0
179 28 0
196 29 0
148 19 0
158 18 0
162 27 0
127 42 0
137 42 0
148 37 0
161 41 0
168 43 0
178 43 0
193 43 0
177 56 0
167 63 0
154 59 0
153 67 0
155 76 0
150 82 0
142 87 0
128 88 0
120 82 0
105 78 0
113 84 0
110 95 0
98 106 0
95 72 0
99 65 0
122 53 0
124 61 0
116 70 0
125 72 0
130 63 0
138 55 0
116 61 0
135 69 0
142 72 0
132 80 0
172 71 0
181 78 0
169 81 0
187 66 0
196 70 0
189 56 0
177 64 0
198 60 0
199 80 0
107 182 0
124 178 0
131 173 0
143 176 0
164 169 0
161 177 0
171 178 0
180 172 0
197 166 0
197 179 0
194 187 0
196 197 0
185 195 0
183 185 0
170 188 0
150 191 0
144 196 0
133 190 0
120 192 0
104 192 0
123 199 0
0 79 1
0 89 1
2 99 1
2 115 1
6 123 1
15 130 1
22 120 1
29 127 1
21 139 1
40 131 1
30 148 1
28 141 1
43 119 1
52 128 1
46 143 1
39 154 1
51 156 1
64 150 1
57 145 1
62 131 1
70 138 1
80 149 1
81 137 1
79 123 1
88 113 1
93 128 1
101 124 1
111 111 1
119 118 1
125 105 1
132 116 1
137 101 1
146 108 1
152 98 1
158 107 1
163 99 1
168 95 1
174 97 1
181 97 1
188 97 1
197 95 1
198 148 1
189 149 1
179 152 1
166 152 1
169 138 1
156 151 1
147 154 1
139 159 1
128 154 1
122 162 1
109 159 1
104 166 1
91 174 1
84 184 1
78 192 1
79 199 1
71 185 1
