23 153 1
11 150 1
3 147 1
6 167 1
14 140 1
35 145 1
22 129 1
33 122 1
45 133 1
62 126 1
14 118 1
28 108 1
44 102 1
42 87 1
56 91 1
30 91 1
54 108 1
54 71 1
66 81 1
63 59 1
77 48 1
97 38 1
107 34 1
124 28 1
133 31 1
143 32 1
145 45 1
126 48 1
106 52 1
156 47 1
147 53 1
104 79 1
120 71 1
112 86 1
125 63 1
105 106 1
95 118 1
104 121 1
108 137 1
115 113 1
120 92 1
126 104 1
136 101 1
145 89 1
155 89 1
161 80 1
170 65 1
177 68 1
184 68 1
186 78 1
184 88 1
173 110 1
170 123 1
161 138 1
148 146 1
148 158 1
133 174 1
139 165 1
123 194 1
113 197 1
2 104 1
6 91 1
5 73 1
5 59 1
12 48 1
22 64 1
30 51 1
28 37 1
38 34 1
50 33 1
61 25 1
69 18 1
88 19 1
106 7 1
103 19 1
121 9 1
117 15 1
131 3 1
143 9 1
150 3 1
87 40 1
94 53 1
163 106 1
176 99 1
127 77 1
149 76 1
160 14 0
170 17 0
184 3 0
189 15 0
173 33 0
169 45 0
158 34 0
153 184 0
158 193 0
167 188 0
186 165 0
172 150 0
189 140 0
198 158 0
176 189 0
189 179 0
188 152 0
198 90 0
198 58 0
199 42 0
176 175 0
