135 118 0
138 105 0
126 107 0
107 105 0
94 115 0
93 101 0
97 87 0
73 116 0
63 113 0
46 110 0
46 120 0
16 116 0
10 112 0
4 120 0
21 96 0
11 87 0
1 82 0
4 42 0
4 55 0
39 79 0
53 77 0
68 99 0
76 85 0
52 65 0
41 60 0
34 35 0
41 32 0
44 26 0
63 22 0
76 23 0
75 10 0
93 3 0
97 10 0
102 42 0
77 43 0
171 27 0
128 24 0
183 48 0
196 48 0
196 34 0
198 3 0
172 16 0
149 5 0
187 16 0
116 21 0
80 73 0
132 92 1
153 98 1
149 87 1
158 76 1
167 85 1
172 69 1
187 61 1
187 74 1
199 74 1
197 89 1
187 103 1
199 111 1
172 93 1
199 55 1
