19 2 0
24 8 0
30 12 0
38 10 0
48 5 0
59 5 0
47 25 0
53 39 0
65 30 0
62 46 0
66 66 0
73 82 0
82 48 0
95 49 0
86 33 0
82 16 0
74 5 0
91 8 0
97 15 0
114 17 0
129 3 0
120 24 0
125 34 0
105 42 0
140 23 0
159 9 0
178 2 0
160 22 0
187 17 0
191 34 0
184 38 0
153 49 0
143 52 0
173 56 0
167 69 0
183 59 0
180 79 0
164 83 0
164 96 0
152 105 0
159 117 0
173 112 0
185 114 0
121 115 0
119 102 0
119 93 0
95 96 0
84 106 0
95 84 0
97 69 0
108 83 0
133 110 0
112 116 0
146 80 0
140 90 0
128 50 0
60 118 1
56 110 1
27 115 1
39 96 1
38 87 1
15 92 1
44 99 1
33 78 1
21 72 1
28 61 1
13 61 1
11 51 1
4 46 1
2 39 1
4 17 1
4 4 1
25 55 1
