92 65 0
1 58 0
1 58 0
3 4 1
14 2 1
28 2 1
20 4 1
7 14 1
20 13 1
14 22 1
3 24 1
5 50 1
8 63 1
9 73 1
23 70 1
21 59 1
31 53 1
36 64 1
44 54 1
34 41 1
28 30 1
41 45 1
53 44 1
59 31 1
67 41 1
77 35 1
69 27 1
73 21 1
80 17 1
89 9 1
96 5 1
89 26 1
98 16 1
3 90 0
10 92 0
18 89 0
31 84 0
2 104 0
12 119 0
25 121 0
12 111 0
50 121 0
50 111 0
49 99 0
39 94 0
40 82 0
51 86 0
50 76 0
50 64 0
57 54 0
61 67 0
72 84 0
67 92 0
70 104 0
69 118 0
94 120 0
93 110 0
88 109 0
83 97 0
90 80 0
84 70 0
78 68 0
81 59 0
88 45 0
92 54 0
81 51 0
104 34 0
108 22 0
115 25 0
125 17 0
132 6 0
135 25 0
142 17 0
150 27 0
159 20 0
145 26 0
159 31 0
159 11 0
163 11 0
169 10 0
173 5 0
179 9 0
189 9 0
198 11 0
177 21 0
198 38 0
183 52 0
183 57 0
139 42 0
133 47 0
123 58 0
116 49 0
105 52 0
103 66 0
112 66 0
119 75 0
117 83 0
98 84 0
106 113 0
104 101 0
123 113 0
130 106 0
127 89 0
125 97 0
140 112 0
160 122 0
162 113 0
163 98 0
185 89 0
195 96 0
187 120 0
161 83 0
149 87 0
149 66 0
160 59 0
157 40 0
178 69 0
103 46 0
145 81 0
171 62 0
173 75 0
194 68 0
72 67 0
151 108 0
181 114 0
39 120 0
120 106 0
94 33 0
