3 96 1
5 102 1
17 105 1
26 105 1
33 113 1
49 114 1
42 128 1
54 132 1
56 118 1
66 122 1
77 124 1
87 124 1
102 126 1
115 115 1
113 130 1
113 139 1
124 140 1
134 138 1
141 136 1
154 138 1
127 117 1
128 112 1
138 107 1
141 113 1
149 119 1
154 123 1
165 122 1
163 137 1
174 135 1
186 133 1
183 146 1
194 142 1
186 158 1
198 169 1
176 158 1
169 152 1
159 149 1
149 142 1
112 3 0
54 2 0
10 185 0
4 169 0
19 139 0
40 149 0
53 159 0
67 153 0
86 143 0
92 147 0
84 156 0
57 171 0
25 182 0
30 191 0
22 195 0
32 198 0
80 189 0
87 177 0
100 170 0
79 198 0
149 198 0
137 197 0
131 195 0
128 176 0
159 195 0
