1 20 0
5 12 0
25 9 0
34 0 0
51 6 0
34 29 0
26 27 0
19 37 0
32 65 0
25 70 0
26 99 0
16 101 0
26 116 0
18 138 0
10 149 0
2 148 0
3 161 0
5 192 0
10 177 0
24 197 0
29 164 0
36 172 0
42 185 0
57 165 0
57 177 0
73 166 0
79 157 0
91 145 0
95 118 0
79 97 0
99 94 0
57 119 0
42 114 0
59 130 0
46 47 0
47 66 0
38 82 0
44 88 0
60 63 0
64 38 0
50 26 0
70 23 0
76 21 0
94 1 0
103 10 0
128 16 0
112 20 0
123 40 0
103 55 0
98 63 0
83 59 0
68 81 0
97 80 0
127 91 0
110 154 0
98 175 0
77 197 0
70 199 0
123 164 0
128 151 0
129 177 0
130 197 0
148 180 0
139 171 0
158 168 0
167 178 0
176 170 0
177 199 0
189 196 0
198 186 0
198 159 0
197 147 0
185 155 0
184 132 0
160 128 0
160 134 0
139 131 0
137 140 0
145 125 0
137 114 0
124 113 0
125 124 0
136 70 0
147 51 0
136 35 0
157 20 0
160 3 0
173 8 0
177 26 0
196 43 0
164 57 0
155 68 0
149 80 0
173 84 0
189 73 0
196 79 0
194 111 0
165 102 0
162 110 0
