186 42 0
4 60 1
7 71 1
20 71 1
26 83 1
28 100 1
38 109 1
37 120 1
43 128 1
48 138 1
37 147 1
57 154 1
55 166 1
56 180 1
43 176 1
36 161 1
27 174 1
40 186 1
22 192 1
5 191 1
10 179 1
6 162 1
65 30 1
71 38 1
57 17 1
42 3 1
89 49 1
86 39 1
80 44 1
95 32 1
98 42 1
98 56 1
110 46 1
120 42 1
114 31 1
125 31 1
126 17 1
115 15 1
122 3 1
134 7 1
16 25 0
4 5 0
18 9 0
24 9 0
32 9 0
2 23 0
23 54 0
44 50 0
50 33 0
50 71 0
49 95 0
65 85 0
77 84 0
81 78 0
81 65 0
102 65 0
110 76 0
104 115 0
67 123 0
84 133 0
94 121 0
84 153 0
96 158 0
100 179 0
113 190 0
121 177 0
134 186 0
144 191 0
160 171 0
170 179 0
157 187 0
133 164 0
122 125 0
130 117 0
140 137 0
148 122 0
146 112 0
107 94 0
122 96 0
142 65 0
131 47 0
146 34 0
141 21 0
151 39 0
158 43 0
149 7 0
160 20 0
172 8 0
165 2 0
181 4 0
197 1 0
188 11 0
187 24 0
176 37 0
177 59 0
158 62 0
169 69 0
172 83 0
165 86 0
153 90 0
141 82 0
163 99 0
173 110 0
164 123 0
175 125 0
196 119 0
190 109 0
197 92 0
198 69 0
189 143 0
191 160 0
170 151 0
157 140 0
191 184 0
