26 126 0
35 116 0
6 99 0
0 90 0
0 89 0
18 66 0
23 80 0
29 89 0
38 92 0
41 102 0
56 104 0
73 102 0
45 50 0
37 46 0
29 59 0
8 52 0
25 8 0
50 24 0
53 14 0
72 11 0
93 10 0
79 32 0
73 29 0
93 42 0
91 68 0
74 65 0
80 75 0
91 87 0
91 118 0
63 131 0
61 152 0
75 155 0
71 173 0
50 166 0
54 172 0
31 172 0
19 162 0
78 184 0
87 177 0
100 192 0
128 198 0
144 188 0
153 187 0
188 191 0
193 165 0
195 153 0
173 156 0
183 142 0
158 141 0
159 161 0
122 141 0
120 159 0
107 162 0
132 155 0
137 176 0
151 117 0
141 126 0
120 129 0
126 104 0
111 92 0
163 82 0
153 92 0
164 110 0
159 114 0
192 94 0
193 62 0
171 56 0
142 48 0
128 60 0
159 51 0
183 45 0
175 29 0
183 18 0
191 35 0
176 7 0
143 4 0
126 19 0
179 95 0
195 83 0
192 140 0
107 130 0
15 17 0
6 11 0
4 23 0
159 3 0
32 135 0
111 81 0
