27 193 1
40 185 1
51 189 1
58 188 1
70 190 1
83 191 1
97 198 1
81 136 0
1 58 0
115 155 0
113 87 0
192 191 0
186 49 0
196 61 0
176 10 0
5 199 0
21 182 0
6 180 0
12 146 0
23 22 0
12 39 0
29 37 0
24 53 0
39 65 0
34 75 0
31 101 0
5 108 0
13 130 0
22 118 0
3 15 0
1 4 0
9 5 0
69 38 0
78 56 0
67 23 0
79 1 0
133 10 0
101 22 0
101 6 0
139 26 0
178 22 0
198 20 0
122 53 0
98 62 0
81 70 0
74 92 0
79 101 0
70 110 0
74 118 0
59 126 0
44 138 0
51 158 0
63 141 0
73 137 0
95 138 0
82 166 0
99 156 0
114 176 0
142 180 0
119 145 0
128 142 0
127 131 0
127 113 0
116 112 0
90 113 0
141 98 0
167 101 0
182 144 0
176 186 0
155 162 0
162 151 0
195 130 0
198 92 0
182 64 0
161 55 0
156 68 0
135 61 0
151 44 0
14 98 0
