188 4 1
194 10 1
198 19 1
199 30 1
188 21 1
182 13 1
166 23 1
163 44 1
175 28 1
174 48 1
191 40 1
185 47 1
196 47 1
197 63 1
175 62 1
175 71 1
178 80 1
187 80 1
160 77 1
167 85 1
161 97 1
168 100 1
177 92 1
176 105 1
192 106 1
184 103 1
189 117 1
180 117 1
173 133 1
181 131 1
191 134 1
194 148 1
183 147 1
174 148 1
162 147 1
153 151 1
153 139 1
143 164 1
152 166 1
160 161 1
160 176 1
143 183 1
169 173 1
177 161 1
186 156 1
186 165 1
181 172 1
179 181 1
161 186 1
171 188 1
153 193 1
166 196 1
178 198 1
188 193 1
110 172 0
56 170 0
43 176 0
129 136 0
58 8 0
10 21 0
18 72 0
46 35 0
38 81 0
