4 8 1
1 18 1
6 25 1
3 39 1
14 36 1
17 18 1
11 14 1
19 2 1
31 2 1
32 13 1
70 11 1
74 20 1
92 18 1
81 35 1
90 43 1
21 59 1
3 70 1
2 105 1
5 140 1
11 147 1
14 156 1
28 164 1
28 173 1
40 166 1
55 128 1
84 113 1
101 105 1
92 95 1
95 83 1
104 47 1
106 56 1
94 69 1
112 78 1
118 81 1
122 89 1
106 93 1
113 101 1
125 100 1
132 108 1
121 110 1
112 119 1
103 125 1
85 132 1
73 151 1
42 183 1
45 193 1
55 180 1
63 194 1
56 198 1
72 193 1
80 193 1
72 179 1
63 170 1
74 166 1
89 163 1
85 178 1
97 182 1
109 177 1
106 169 1
98 161 1
92 149 1
100 143 1
109 137 1
112 130 1
122 125 1
125 116 1
129 126 1
137 119 1
133 135 1
140 131 1
149 123 1
153 137 1
143 141 1
148 149 1
141 156 1
170 147 1
159 150 1
150 157 1
138 171 1
129 174 1
126 163 1
130 149 1
121 150 1
116 162 1
105 157 1
111 146 1
120 184 1
79 77 2
34 61 2
35 53 2
42 52 2
169 195 2
133 198 2
30 194 2
198 169 2
136 4 2
172 5 2
