165 50 0
6 197 0
149 196 0
152 179 0
159 188 0
177 191 0
191 195 0
199 169 0
180 173 0
169 173 0
157 162 0
145 153 0
135 151 0
104 131 0
59 139 0
49 142 0
37 149 0
18 153 0
12 147 0
3 142 0
1 121 0
9 115 0
24 123 0
34 124 0
30 95 0
43 82 0
40 107 0
56 80 0
47 123 0
35 135 0
47 135 0
65 116 0
61 125 0
83 119 0
69 68 0
84 75 0
70 90 0
92 101 0
99 113 0
115 105 0
112 81 0
108 87 0
103 84 0
111 69 0
102 63 0
87 34 0
106 21 0
114 11 0
117 18 0
134 6 0
111 31 0
146 20 0
132 28 0
131 66 0
129 54 0
154 48 0
157 33 0
148 33 0
157 17 0
178 16 0
190 15 0
198 12 0
173 24 0
174 34 0
189 60 0
185 69 0
194 84 0
195 105 0
184 105 0
174 104 0
159 102 0
149 93 0
131 106 0
123 130 0
129 123 0
141 131 0
147 141 0
159 146 0
157 134 0
161 122 0
152 109 0
176 127 0
185 126 0
189 141 0
195 130 0
181 147 0
182 93 0
163 67 0
55 103 0
146 58 0
93 189 1
107 192 1
123 182 1
107 179 1
101 175 1
122 171 1
124 162 1
110 165 1
99 163 1
118 153 1
106 152 1
95 151 1
85 150 1
77 149 1
61 157 1
49 161 1
45 181 1
38 172 1
28 179 1
