167 110 0
195 15 0
170 17 0
155 14 0
169 2 0
139 16 0
139 2 0
112 2 0
109 13 0
89 17 0
87 28 0
75 24 0
47 6 0
45 14 0
48 26 0
31 42 0
22 2 0
22 33 0
12 36 0
11 48 0
13 71 0
3 74 0
1 90 0
25 62 0
21 74 0
21 92 0
18 99 0
34 74 0
33 94 0
10 98 0
8 112 0
4 141 0
13 147 0
26 146 0
27 120 0
29 128 0
41 136 0
41 115 0
3 173 0
14 187 0
37 174 0
32 164 0
43 156 0
51 169 0
46 144 0
75 191 0
91 193 0
87 163 0
109 197 0
52 106 0
50 69 0
54 84 0
63 74 0
73 87 0
80 54 0
86 63 0
115 35 0
120 46 0
199 33 0
146 40 0
123 65 0
115 68 0
133 58 0
148 61 0
178 71 0
189 53 0
164 74 0
154 82 0
185 90 0
193 90 0
181 103 0
189 115 0
182 123 0
153 114 0
143 117 0
134 127 0
174 140 0
178 162 0
166 195 0
192 194 0
110 153 0
96 144 0
81 141 0
82 118 0
92 112 0
109 135 0
120 140 0
113 112 0
110 101 0
124 165 0
99 170 0
109 170 0
105 174 0
133 176 0
150 176 0
135 164 0
140 189 0
75 109 0
2 31 0
89 84 0
163 160 0
