34 89 1
11 76 1
12 92 1
1 81 1
2 106 1
8 122 1
11 105 1
29 112 1
40 115 1
49 103 1
59 119 1
46 132 1
46 121 1
33 129 1
56 138 1
65 131 1
75 142 1
88 121 1
104 128 1
93 136 1
97 152 1
73 163 1
120 142 1
108 146 1
88 163 1
80 179 1
87 188 1
91 175 1
104 176 1
121 174 1
132 159 1
118 157 1
95 196 1
100 188 1
113 187 1
112 196 1
133 196 1
131 182 1
149 182 1
154 198 1
165 196 1
84 154 1
32 102 1
74 108 1
104 162 1
26 124 1
15 128 1
186 3 0
182 27 0
199 37 0
182 51 0
170 51 0
93 2 0
98 10 0
146 9 0
131 16 0
148 22 0
4 150 0
3 160 0
9 169 0
13 186 0
24 179 0
28 161 0
35 174 0
26 144 0
57 161 0
47 167 0
59 171 0
44 154 0
71 187 0
67 199 0
53 191 0
54 181 0
39 192 0
29 192 0
19 197 0
