40 168 0
51 176 0
32 187 0
39 197 0
18 185 0
15 176 0
14 164 0
3 176 0
4 186 0
3 194 0
7 149 0
24 132 0
29 141 0
32 155 0
29 165 0
46 155 0
38 121 0
58 131 0
68 134 0
70 146 0
60 163 0
84 133 0
85 146 0
96 182 0
83 178 0
79 194 0
70 197 0
58 197 0
110 192 0
122 188 0
110 176 0
102 161 0
123 160 0
123 153 0
132 154 0
120 139 0
131 133 0
146 128 0
144 141 0
149 152 0
152 163 0
159 176 0
144 172 0
130 172 0
144 189 0
130 195 0
158 197 0
177 190 0
191 176 0
184 164 0
176 150 0
160 142 0
198 144 0
199 160 0
198 171 0
197 122 0
191 118 0
195 96 0
171 114 0
177 100 0
148 91 0
142 107 0
123 110 0
106 119 0
95 110 0
99 133 0
86 117 0
73 110 0
86 94 0
100 95 0
114 91 0
133 85 0
138 73 0
158 58 0
179 71 0
189 75 0
197 53 0
177 53 0
188 30 0
1 26 0
183 16 0
170 32 0
153 32 0
146 13 0
166 7 0
133 14 0
110 8 0
97 12 0
108 35 0
89 4 0
89 20 0
72 19 0
63 29 0
47 31 0
33 6 0
21 21 0
10 22 0
24 49 0
38 48 0
17 35 0
3 40 0
1 56 0
12 62 0
9 77 0
1 73 0
10 92 0
12 106 0
25 104 0
39 105 0
33 89 0
22 81 0
29 67 0
37 60 0
50 91 0
62 92 0
69 81 0
78 70 0
90 61 0
80 53 0
64 53 0
88 45 0
91 78 0
108 70 0
127 59 0
123 44 0
143 54 0
