5 4 0
16 10 0
6 17 0
47 9 0
32 5 0
71 6 0
61 3 0
63 19 0
46 23 0
32 18 0
37 33 0
3 40 0
3 52 0
23 42 0
17 59 0
38 46 0
55 38 0
89 9 0
103 14 0
88 28 0
93 18 0
119 18 0
122 34 0
137 24 0
163 19 0
161 9 0
174 6 0
188 5 0
139 9 0
183 23 0
169 30 0
196 41 0
195 57 0
191 77 0
171 62 0
162 52 0
145 60 0
123 48 0
125 61 0
118 65 0
103 39 0
94 60 0
107 68 0
84 69 0
71 59 0
67 43 0
81 36 0
51 56 0
43 68 0
34 84 0
19 75 0
18 86 0
14 91 0
5 87 0
5 100 0
4 113 0
2 133 0
16 115 0
31 107 0
27 138 0
16 146 0
50 113 0
50 96 0
65 95 0
69 74 0
74 104 0
63 122 0
47 132 0
58 145 0
33 164 0
46 163 0
60 164 0
30 182 0
20 176 0
9 171 0
18 196 0
46 196 0
58 192 0
66 184 0
75 170 0
78 195 0
106 182 0
99 169 0
105 155 0
118 150 0
135 192 0
150 166 0
162 190 0
174 174 0
174 164 0
191 157 0
162 153 0
139 153 0
154 134 0
130 136 0
109 125 0
121 130 0
91 117 0
99 104 0
107 93 0
101 83 0
132 101 0
140 109 0
144 121 0
152 103 0
175 106 0
176 92 0
186 115 0
195 132 0
198 148 0
194 185 0
178 191 0
157 81 0
131 73 0
177 54 0
179 37 0
75 141 0
82 128 0
93 148 0
69 133 0
27 123 0
24 93 0
30 60 0
