147 127 1
192 133 1
6 111 0
4 135 0
19 137 0
14 142 0
100 137 0
108 195 0
191 145 0
159 34 2
181 25 2
155 20 2
163 20 2
160 10 2
151 3 2
110 6 2
125 6 2
135 18 2
179 40 2
11 62 0
4 70 0
3 99 0
10 90 0
36 88 0
31 100 0
13 107 0
3 119 0
17 123 0
46 104 0
42 113 0
63 114 0
79 129 0
87 129 0
115 140 0
126 144 0
143 146 0
168 151 0
187 155 0
194 166 0
188 180 0
180 176 0
174 164 0
160 163 0
150 158 0
156 180 0
169 181 0
167 190 0
176 194 0
159 194 0
150 187 0
142 195 0
130 193 0
139 186 0
135 182 0
143 176 0
122 184 0
121 195 0
125 172 0
133 161 0
122 155 0
119 163 0
109 171 0
95 172 0
99 160 0
109 152 0
61 154 0
63 141 0
53 135 0
65 127 0
71 146 0
82 144 0
72 160 0
68 174 0
71 183 0
98 195 0
85 188 0
83 197 0
64 194 0
52 181 0
42 166 0
37 197 0
35 187 0
24 184 0
19 194 0
9 197 0
12 180 0
8 174 0
16 165 0
28 165 0
28 175 0
8 154 0
20 156 0
23 151 0
32 151 0
43 141 0
39 133 0
30 116 0
26 132 0
7 5 0
2 9 0
5 19 0
34 16 1
29 9 1
18 14 1
51 7 1
25 23 1
31 31 1
23 42 1
29 47 1
37 59 1
48 63 1
53 68 1
59 79 1
63 81 1
72 86 1
85 101 1
96 86 1
101 104 1
107 111 1
116 97 1
115 118 1
124 118 1
139 90 1
139 100 1
139 118 1
146 105 1
155 115 1
171 107 1
168 124 1
182 127 1
185 110 1
192 119 1
199 32 1
