3 3 0
13 14 0
26 9 0
36 1 0
51 5 0
18 30 0
33 27 0
54 23 0
47 42 0
31 45 0
19 48 0
2 40 0
2 60 0
7 73 0
21 75 0
42 77 0
34 61 0
42 64 0
59 78 0
73 73 0
65 60 0
57 65 0
2 94 0
29 90 0
52 90 0
65 97 0
75 97 0
57 108 0
42 113 0
21 112 0
15 98 0
13 128 0
7 113 0
2 123 0
4 141 0
31 128 0
50 126 0
66 125 0
76 114 0
39 126 0
56 120 0
89 90 0
121 103 0
132 93 0
187 10 0
196 21 0
179 20 0
183 33 0
193 34 0
198 49 0
178 54 0
188 56 0
172 67 0
191 73 0
182 74 0
165 73 0
155 78 0
160 89 0
173 93 0
185 86 0
193 91 0
153 99 0
164 110 0
103 115 0
21 187 0
17 165 0
30 151 0
42 140 0
37 167 0
38 181 0
32 197 0
3 188 0
3 171 0
6 155 0
51 164 0
53 181 0
50 198 0
46 189 0
65 178 0
65 190 0
76 198 0
89 194 0
84 178 0
73 165 0
77 155 0
68 141 0
54 142 0
79 138 0
86 136 0
93 135 0
105 152 0
94 145 0
92 162 0
104 167 0
118 188 0
105 195 0
176 195 0
161 177 0
142 189 0
145 166 0
132 171 0
122 162 0
126 147 0
119 132 0
136 125 0
125 110 0
159 129 0
149 147 0
155 161 0
167 161 0
178 151 0
181 170 0
198 165 0
197 183 0
194 139 0
199 103 0
176 125 0
12 136 0
22 176 0
77 88 0
102 5 1
77 3 1
82 18 1
83 39 1
87 54 1
94 68 1
100 80 1
114 85 1
129 73 1
139 69 1
137 53 1
152 51 1
163 48 1
161 40 1
164 28 1
167 16 1
167 7 1
132 9 1
143 15 1
