140 197 0
140 185 0
151 196 0
157 191 0
167 186 0
175 198 0
179 184 0
189 199 0
197 188 0
194 173 0
194 164 0
172 168 0
152 171 0
171 155 0
195 152 0
189 146 0
196 138 0
186 130 0
190 123 0
175 122 0
180 122 0
195 116 0
190 105 0
198 101 0
182 98 0
180 83 0
191 84 0
199 71 0
187 69 0
197 55 0
186 52 0
177 48 0
167 46 0
183 30 0
170 25 0
179 17 0
184 5 0
193 3 0
196 21 0
161 19 0
168 2 0
152 5 0
143 12 0
133 3 0
120 10 0
104 13 0
94 8 0
85 4 0
85 17 0
76 13 0
87 27 0
91 32 0
82 45 0
71 47 0
62 50 0
53 45 0
46 47 0
51 32 0
63 28 0
72 32 0
61 16 0
59 8 0
44 21 0
43 29 0
35 29 0
21 27 0
9 24 0
26 13 0
15 13 0
47 2 0
32 3 0
12 43 0
18 49 0
26 60 0
37 51 0
38 67 0
53 67 0
68 65 0
38 75 0
33 83 0
16 79 0
13 68 0
4 59 0
5 80 0
3 92 0
11 98 0
19 98 0
27 100 0
41 101 0
2 111 0
12 118 0
2 132 0
4 145 0
14 145 0
22 133 0
39 131 0
30 133 0
35 140 0
40 150 0
31 165 0
20 165 0
3 162 0
5 171 0
19 178 0
35 172 0
43 190 0
30 191 0
16 193 0
53 197 0
61 170 1
79 154 1
61 155 1
58 147 1
59 130 1
65 112 1
59 119 1
68 98 1
70 80 1
83 79 1
92 72 1
96 61 1
115 46 1
126 38 1
138 34 1
143 40 1
149 52 1
156 70 1
156 80 1
167 88 1
156 98 1
154 104 1
154 114 1
156 125 1
141 129 1
149 141 1
130 139 1
72 176 1
93 166 1
82 183 1
89 190 1
102 190 1
115 178 1
125 176 1
129 158 1
142 158 1
121 161 1
125 188 1
166 63 1
101 48 1
115 196 1
141 173 1
