53 199 1
55 190 1
46 180 1
47 162 1
55 147 1
54 139 1
56 123 1
56 106 1
65 101 1
72 84 1
83 58 1
96 82 1
101 99 1
104 109 1
110 120 1
105 130 1
110 139 1
108 148 1
104 154 1
95 163 1
109 165 1
107 181 1
99 191 1
53 199 1
8 185 0
20 193 0
22 162 0
15 151 0
3 145 0
15 121 0
25 128 0
29 148 0
17 88 0
30 75 0
44 78 0
4 124 0
12 110 0
3 105 0
4 66 0
13 54 0
46 42 0
43 30 0
63 57 0
41 13 0
25 10 0
79 28 0
98 31 0
87 7 0
58 3 0
59 17 0
105 61 0
116 46 0
135 66 0
123 87 0
120 105 0
129 135 0
131 173 0
121 189 0
138 149 0
153 142 0
144 124 0
159 124 0
147 183 0
159 182 0
175 165 0
189 150 0
194 177 0
174 195 0
143 196 0
176 133 0
189 125 0
189 111 0
183 95 0
178 109 0
169 104 0
159 96 0
153 87 0
161 68 0
146 48 0
158 19 0
144 11 0
176 21 0
187 29 0
197 36 0
168 37 0
170 51 0
176 70 0
173 81 0
182 53 0
189 67 0
132 96 0
141 88 0
197 55 0
186 194 0
29 46 0
