18 1 0
4 1 0
2 13 0
4 28 0
3 42 0
15 26 0
14 40 0
34 17 0
29 31 0
54 33 0
63 36 0
59 51 0
47 60 0
37 61 0
31 49 0
25 45 0
22 59 0
8 73 0
21 76 0
21 88 0
10 88 0
13 107 0
1 118 0
1 131 0
2 149 0
3 169 0
16 155 0
18 124 0
26 103 0
37 108 0
36 79 0
43 90 0
53 87 0
66 83 0
80 80 0
96 76 0
92 68 0
86 63 0
67 96 0
53 121 0
35 125 0
25 133 0
33 145 0
31 154 0
28 164 0
24 177 0
28 191 0
20 198 0
2 183 0
100 18 0
120 3 0
129 16 0
117 27 0
121 52 0
133 39 0
144 32 0
150 23 0
154 13 0
158 3 0
175 3 0
182 13 0
183 25 0
187 36 0
199 19 0
198 4 0
195 44 0
186 57 0
176 49 0
172 29 0
164 21 0
157 41 0
168 42 0
162 57 0
149 63 0
134 50 0
130 68 0
106 78 0
103 97 0
109 106 0
113 113 0
118 111 0
116 94 0
128 85 0
132 96 0
132 106 0
145 95 0
141 114 0
145 76 0
155 88 0
161 87 0
167 77 0
182 76 0
192 86 0
175 87 0
186 108 0
198 116 0
192 127 0
197 134 0
179 132 0
179 119 0
164 111 0
150 124 0
129 124 0
126 133 0
111 140 0
117 127 0
125 144 0
117 154 0
106 158 0
98 149 0
95 132 0
103 123 0
83 102 0
62 131 0
59 152 0
46 145 0
48 164 0
37 172 0
42 196 0
59 186 0
63 198 0
77 187 0
71 168 0
68 160 0
79 151 0
87 147 0
81 171 0
94 170 0
91 182 0
92 195 0
108 189 0
114 184 0
118 170 0
130 170 0
139 176 0
144 182 0
153 193 0
138 195 0
129 189 0
119 198 0
139 157 0
147 141 0
152 152 0
161 162 0
170 156 0
165 140 0
179 147 0
190 154 0
196 159 0
196 170 0
191 182 0
182 192 0
197 196 0
166 199 0
171 186 0
176 173 0
166 175 0
158 179 0
23 14 0
