4 2 0
18 2 0
33 2 0
55 5 0
34 15 0
73 12 0
83 29 0
84 39 0
70 30 0
53 27 0
41 32 0
30 32 0
18 28 0
10 18 0
5 30 0
3 50 0
14 51 0
3 69 0
10 80 0
1 93 0
10 101 0
17 111 0
29 121 0
24 98 0
23 85 0
30 70 0
43 59 0
36 46 0
48 44 0
63 44 0
83 53 0
92 53 0
104 43 0
101 51 0
101 62 0
113 63 0
113 72 0
91 71 0
76 68 0
64 61 0
54 55 0
62 73 0
46 82 0
38 97 0
49 100 0
15 126 0
5 129 0
4 139 0
0 152 0
13 155 0
21 145 0
39 133 0
46 146 0
55 142 0
56 123 0
60 109 0
62 97 0
61 88 0
76 81 0
80 99 0
80 114 0
86 128 0
100 104 0
93 90 0
103 76 0
110 90 0
119 86 0
125 76 0
131 64 0
136 54 0
144 63 0
147 57 0
160 56 0
177 51 0
196 47 0
192 59 0
190 68 0
177 66 0
177 59 0
155 70 0
169 77 0
182 87 0
198 80 0
196 101 0
167 106 0
155 98 0
148 107 0
138 93 0
140 76 0
124 99 0
106 113 0
109 130 0
101 142 0
87 142 0
68 149 0
62 161 0
46 164 0
31 159 0
25 168 0
1 180 0
12 186 0
19 193 0
2 198 0
30 199 0
33 182 0
42 189 0
53 179 0
64 173 0
59 187 0
62 197 0
71 187 0
89 198 0
102 193 0
104 183 0
117 185 0
160 86 0
138 108 0
142 117 0
126 124 0
129 130 0
136 138 0
114 146 0
111 154 0
101 164 0
92 157 0
77 162 0
85 170 0
84 184 0
116 173 0
125 163 0
136 151 0
140 160 0
138 169 0
132 181 0
127 195 0
150 178 0
154 188 0
146 197 0
166 186 0
156 162 0
158 134 0
161 123 0
176 114 0
191 116 0
199 124 0
183 127 0
171 139 0
171 156 0
168 170 0
174 179 0
179 192 0
195 193 0
194 182 0
193 172 0
187 164 0
198 154 0
185 146 0
192 132 0
91 8 1
96 17 1
108 14 1
108 24 1
117 28 1
133 20 1
139 35 1
147 26 1
158 34 1
168 38 1
170 23 1
176 36 1
183 28 1
195 21 1
197 6 1
105 1 1
