57 189 0
33 191 0
19 191 0
12 197 0
21 173 0
40 166 0
51 164 0
60 160 0
73 163 0
70 179 0
79 183 0
86 197 0
97 197 0
96 170 0
91 161 0
102 157 0
91 142 0
104 127 0
114 134 0
91 116 0
67 125 0
57 125 0
51 139 0
43 142 0
26 144 0
16 153 0
6 152 0
3 166 0
25 113 0
36 106 0
47 102 0
66 96 0
15 125 0
4 139 0
6 93 0
19 87 0
13 73 0
8 55 0
24 44 0
1 39 0
7 13 0
38 17 0
31 55 0
40 65 0
55 43 0
59 59 0
47 31 0
63 25 0
57 17 0
57 3 0
72 10 0
88 9 0
94 10 0
81 29 0
94 27 0
109 13 0
112 32 0
110 42 0
101 35 0
125 46 0
131 44 0
130 28 0
144 46 0
147 28 0
152 14 0
156 6 0
141 4 0
177 4 0
176 15 0
190 7 0
197 18 0
186 19 0
180 27 0
171 31 0
193 35 0
197 59 0
193 77 0
177 52 0
166 43 0
161 51 0
149 62 0
157 68 0
158 79 0
140 74 0
122 68 0
131 66 0
99 62 0
107 72 0
78 73 0
75 52 0
81 43 0
60 87 0
58 91 0
50 94 0
52 86 0
54 72 0
61 72 0
84 91 0
93 85 0
106 89 0
99 97 0
78 111 0
106 103 0
99 114 0
113 112 0
119 100 0
125 83 0
137 95 0
141 108 0
127 119 0
124 109 0
138 143 0
150 133 0
152 148 0
147 151 0
138 157 0
111 148 0
130 147 0
121 168 0
121 162 0
111 169 0
115 194 0
104 189 0
134 193 0
132 182 0
143 180 0
155 173 0
147 198 0
162 187 0
173 169 0
177 195 0
159 198 0
166 195 0
194 194 0
195 182 0
192 169 0
185 167 0
185 154 0
196 147 0
196 132 0
193 121 0
181 132 0
172 131 0
168 154 0
164 140 0
178 109 0
194 108 0
179 84 0
176 94 0
190 94 0
168 86 0
165 104 0
178 69 0
171 68 0
116 2 0
40 88 0
