75 188 0
95 189 0
83 160 0
97 156 0
98 138 0
83 128 0
75 119 0
60 145 0
67 172 0
64 189 0
42 194 0
36 181 0
22 197 0
10 191 0
23 179 0
11 169 0
12 152 0
28 138 0
31 152 0
39 142 0
52 127 0
43 123 0
33 121 0
11 134 0
2 139 0
48 96 0
54 109 0
38 90 0
33 83 0
36 71 0
46 75 0
63 74 0
72 67 0
73 56 0
87 69 0
74 99 0
48 59 0
44 48 0
59 36 0
43 31 0
47 14 0
22 45 0
24 59 0
11 48 0
3 59 0
8 30 0
19 25 0
7 15 0
70 11 0
70 20 0
81 5 0
101 11 0
108 20 0
117 28 0
105 36 0
92 49 0
99 59 0
113 59 0
131 58 0
126 75 0
107 79 0
97 83 0
137 72 0
144 61 0
158 59 0
148 50 0
128 40 0
116 44 0
145 37 0
157 42 0
173 29 0
154 23 0
162 14 0
149 2 0
131 4 0
149 16 0
142 23 0
133 16 0
130 22 0
187 33 0
193 18 0
178 12 0
196 3 0
22 124 0
20 114 0
8 113 0
1 103 0
2 95 0
99 111 0
139 190 1
124 197 1
157 183 1
144 175 1
131 174 1
123 179 1
123 187 1
112 184 1
143 164 1
120 163 1
141 153 1
119 146 1
128 136 1
132 120 1
112 104 1
118 103 1
133 108 1
121 91 1
109 196 1
