187 197 1
188 183 1
176 180 1
179 156 1
195 163 1
160 170 1
148 166 1
152 149 1
130 174 1
132 158 1
122 165 1
110 162 1
95 174 1
87 186 1
72 192 1
167 198 1
56 147 0
62 170 0
37 174 0
11 173 0
12 191 0
29 196 0
15 133 0
12 150 0
50 118 0
39 114 0
48 94 0
31 106 0
18 116 0
13 104 0
4 117 0
15 80 0
28 89 0
36 66 0
25 66 0
14 42 0
4 32 0
12 6 0
24 16 0
44 34 0
49 45 0
61 54 0
66 66 0
61 81 0
71 82 0
72 58 0
89 69 0
82 91 0
89 100 0
73 107 0
69 97 0
60 100 0
68 21 0
69 38 0
53 17 0
39 22 0
32 22 0
25 51 0
12 68 0
64 5 0
23 32 0
91 17 0
97 7 0
103 34 0
159 83 0
138 111 0
119 122 0
137 129 0
129 138 0
102 136 0
91 149 0
181 102 0
162 127 0
195 144 0
188 132 0
196 115 0
193 36 0
197 23 0
198 13 0
181 18 0
165 20 0
159 20 0
142 28 0
131 24 0
127 44 0
109 81 0
114 59 0
131 53 0
149 56 0
128 82 0
148 7 0
111 12 0
120 2 0
173 41 0
186 4 0
194 100 0
7 58 0
82 43 0
79 24 0
80 5 0
47 3 0
64 126 0
35 156 0
20 159 0
92 53 0
157 111 0
159 47 0
152 37 0
147 41 0
31 133 0
104 111 0
183 70 0
193 67 0
46 176 0
