9 195 0
8 181 0
24 183 0
38 183 0
46 163 0
39 159 0
17 162 0
9 158 0
19 149 0
2 142 0
9 129 0
5 123 0
11 110 0
30 107 0
29 127 0
50 126 0
64 138 0
52 149 0
86 151 0
89 125 0
74 122 0
60 112 0
45 93 0
28 86 0
77 103 0
95 104 0
120 112 0
107 117 0
107 132 0
112 143 0
111 150 0
138 155 0
131 163 0
122 135 0
139 141 0
146 129 0
136 117 0
156 162 0
152 175 0
167 167 0
155 142 0
166 139 0
175 151 0
175 181 0
166 195 0
166 99 0
186 132 0
193 197 0
198 188 0
194 165 0
184 168 0
197 153 0
182 143 0
199 139 0
197 108 0
184 98 0
178 115 0
195 122 0
178 86 0
191 81 0
191 70 0
148 78 0
121 76 0
109 66 0
107 86 0
88 87 0
77 86 0
58 90 0
22 78 0
9 78 0
8 101 0
11 68 0
37 72 0
66 77 0
172 57 0
186 51 0
190 43 0
180 34 0
151 38 0
151 53 0
124 54 0
126 39 0
131 61 0
105 54 0
106 28 0
194 5 0
183 11 0
172 19 0
162 8 0
150 5 0
144 17 0
102 12 0
126 4 0
95 6 0
76 25 0
78 39 0
52 17 0
57 30 0
44 11 0
41 22 0
43 32 0
63 51 0
76 59 0
50 60 0
27 56 0
23 47 0
12 45 0
23 28 0
5 12 0
31 4 0
3 36 0
49 195 1
68 196 1
72 180 1
80 172 1
85 186 1
87 196 1
96 171 1
94 182 1
108 172 1
112 180 1
107 195 1
121 188 1
125 180 1
127 197 1
139 193 1
