3 10 0
7 1 0
40 12 0
43 5 0
58 4 0
36 23 0
21 29 0
21 52 0
6 46 0
5 69 0
16 79 0
10 87 0
3 96 0
9 108 0
3 116 0
9 126 0
24 120 0
31 129 0
11 147 0
32 148 0
3 158 0
8 189 0
5 198 0
22 196 0
25 186 0
35 173 0
42 165 0
45 186 0
59 177 0
57 159 0
61 152 0
71 144 0
46 131 0
55 120 0
64 119 0
71 128 0
54 111 0
47 87 0
35 83 0
56 73 0
65 55 0
83 55 0
85 42 0
89 28 0
86 15 0
70 14 0
99 8 0
97 20 0
104 0 0
134 9 0
142 21 0
154 34 0
180 3 0
193 31 0
183 36 0
176 45 0
166 52 0
145 45 0
130 37 0
121 41 0
126 50 0
106 37 0
113 56 0
96 58 0
91 72 0
90 83 0
101 84 0
107 91 0
93 97 0
68 90 0
80 102 0
97 125 0
107 110 0
119 119 0
111 134 0
97 140 0
87 150 0
80 164 0
87 172 0
100 173 0
101 181 0
87 183 0
81 191 0
114 169 0
125 158 0
108 153 0
138 148 0
136 160 0
128 181 0
135 193 0
151 195 0
165 195 0
169 162 0
161 153 0
173 145 0
168 133 0
190 146 0
198 144 0
197 164 0
194 181 0
188 135 0
186 120 0
195 114 0
181 98 0
169 115 0
161 107 0
151 126 0
167 94 0
169 82 0
174 65 0
190 57 0
186 89 0
198 74 0
151 68 0
145 84 0
137 99 0
127 108 0
118 91 0
199 94 0
