120 36 0
122 12 0
83 6 0
60 8 0
51 12 0
12 18 0
24 6 0
33 35 0
47 26 0
65 43 0
61 56 0
29 49 0
29 75 0
65 66 0
91 61 0
94 48 0
12 62 0
3 73 0
16 42 0
24 97 0
35 104 0
50 109 0
36 118 0
58 121 0
68 96 0
77 84 0
96 84 0
106 98 0
111 80 0
130 76 0
121 55 0
147 64 0
149 49 0
165 43 0
164 23 0
172 31 0
192 9 0
189 54 0
180 69 0
174 87 0
186 106 0
164 120 0
162 133 0
142 133 0
137 147 0
122 141 0
132 164 0
135 180 0
168 146 0
165 175 0
159 188 0
173 190 0
191 189 0
191 177 0
191 158 0
188 144 0
180 138 0
156 157 0
143 199 0
120 186 0
101 194 0
106 186 0
104 171 0
104 156 0
96 145 0
72 148 0
70 120 0
82 110 0
59 139 0
33 147 0
14 132 0
9 142 0
60 157 0
56 170 0
72 180 0
86 185 0
93 174 0
96 121 0
2 106 0
41 181 0
4 168 0
50 196 0
12 183 1
17 198 1
