100 186 0
196 261 0
245 184 0
270 149 0
385 127 0
382 328 0
112 25 0
318 18 0
7 194 0
217 216 0
389 359 0
18 308 0
47 279 0
7 150 0
244 134 0
299 121 0
360 134 0
378 165 0
368 207 0
327 233 0
335 264 0
271 224 0
363 60 0
340 20 0
246 19 0
202 30 0
147 170 0
208 101 0
195 202 0
153 186 0
77 6 0
87 36 0
35 344 0
100 320 0
102 382 0
296 205 0
211 388 0
279 389 0
22 44 0
53 40 0
46 83 0
79 99 0
127 91 0
120 55 0
172 30 0
194 56 0
220 67 0
235 112 0
260 68 0
282 34 0
386 39 0
391 85 0
239 304 0
64 353 0
70 319 0
62 304 0
19 259 0
6 239 0
11 214 0
102 203 0
71 378 0
102 347 0
163 307 0
154 324 0
200 334 0
238 351 0
318 374 0
302 354 0
321 323 0
335 335 0
360 320 0
171 339 0
190 317 0
166 377 0
136 374 0
178 389 0
77 281 0
91 267 0
106 264 0
101 292 0
361 282 0
321 180 0
319 155 0
201 157 0
138 126 0
141 10 0
321 62 0
147 285 0
163 271 0
14 379 0
267 346 0
269 366 0
41 188 0
51 132 0
364 102 0
39 8 0
209 348 0
2 26 0
16 7 0
