24 201 0
49 228 0
12 221 0
67 262 0
91 293 0
125 326 0
64 324 0
54 298 0
16 342 0
32 353 0
13 309 0
163 268 0
162 242 0
202 250 0
194 329 0
219 318 0
164 326 0
173 359 0
181 381 0
240 199 0
94 247 0
307 255 0
61 15 1
59 49 1
62 91 1
239 132 1
242 113 1
242 90 1
270 65 1
291 50 1
278 8 1
387 233 1
379 248 1
364 277 1
343 286 1
311 290 1
320 386 1
85 353 0
114 356 0
75 373 0
106 390 0
71 391 0
43 383 0
20 378 0
297 220 0
291 204 0
274 176 0
327 108 0
333 126 0
350 158 0
330 193 0
365 179 0
383 69 0
363 69 0
389 30 0
256 371 0
261 286 0
300 335 1
315 361 1
354 309 1
312 314 1
350 361 1
62 204 0
99 217 0
120 246 0
175 296 0
246 259 0
293 180 0
292 252 0
251 321 0
304 122 0
35 148 0
243 57 1
283 26 1
305 17 1
80 122 1
98 154 1
115 176 1
138 171 1
182 185 1
203 168 1
190 222 0
212 366 0
12 137 0
9 78 0
