84 385 0
340 276 1
240 354 1
6 88 1
20 109 1
90 232 1
112 16 1
136 12 1
210 40 1
210 71 1
212 86 1
329 210 1
228 249 1
258 259 1
290 272 1
245 300 1
280 310 1
307 298 1
320 319 1
366 43 1
219 329 1
207 364 1
281 143 1
277 177 1
87 173 1
55 135 1
6 218 0
22 131 1
59 155 1
60 196 1
73 217 1
105 255 1
174 375 1
257 336 1
237 218 1
269 234 1
302 241 1
338 256 1
277 203 1
302 174 1
313 155 1
313 120 1
295 106 1
310 88 1
314 64 1
341 55 1
327 33 1
384 20 1
252 69 1
230 112 1
150 25 1
176 21 1
200 13 1
