204 19 1
214 44 1
259 37 1
259 19 1
302 25 1
334 21 1
350 27 1
360 25 1
387 25 1
389 292 1
389 262 1
306 279 1
284 378 1
280 354 1
310 347 1
277 334 1
352 276 1
356 259 1
368 270 1
365 289 1
358 321 1
354 343 1
314 307 1
290 293 1
379 330 1
341 249 1
378 240 1
300 320 1
333 275 1
287 308 1
304 384 1
321 360 1
332 380 1
341 360 1
347 303 1
359 388 1
344 390 1
262 322 1
259 352 1
15 52 0
38 97 0
35 117 0
5 140 0
134 70 0
101 161 0
82 183 0
120 177 0
118 217 0
161 135 0
159 166 0
201 164 0
234 201 0
301 204 0
331 190 0
343 162 0
351 175 0
375 178 0
386 130 0
333 132 0
308 145 0
290 144 0
234 242 0
195 231 0
156 228 0
192 133 0
216 121 0
86 133 0
56 159 0
72 97 0
31 363 0
5 359 0
386 194 0
357 200 0
273 190 0
263 214 0
142 270 0
118 108 0
135 95 0
159 90 0
176 107 0
304 175 0
262 163 0
318 121 0
87 58 0
355 145 0
5 335 0
22 204 0
15 248 0
83 225 0
12 307 0
66 314 0
99 354 0
144 338 0
168 290 0
212 285 0
161 388 0
94 386 0
272 112 0
192 98 0
101 90 0
43 37 0
49 8 0
6 19 0
9 108 0
289 97 0
295 125 0
147 50 0
119 34 0
292 222 0
256 244 0
141 199 0
44 64 0
