123 287 0
132 306 0
143 328 0
217 298 0
207 332 0
75 381 0
316 205 0
293 201 0
289 117 0
32 224 0
51 211 0
36 258 0
6 250 0
151 207 0
150 189 0
174 23 0
198 9 0
38 6 0
10 13 0
319 160 0
341 156 0
363 160 0
378 179 0
305 249 0
204 179 0
10 41 0
52 91 0
64 120 0
91 100 0
25 137 0
49 148 0
85 155 0
130 272 0
175 348 0
364 236 0
327 94 0
277 314 0
260 304 0
227 135 0
388 287 0
392 68 0
164 152 0
214 23 0
52 43 0
109 80 0
121 105 0
139 76 0
160 106 0
134 157 0
53 188 0
339 297 0
378 320 0
381 205 0
304 33 0
334 26 0
307 129 0
320 356 0
103 360 0
22 378 0
115 183 0
130 217 0
11 217 0
146 24 0
83 365 0
91 334 0
17 69 0
111 33 0
18 175 0
107 224 0
105 201 0
95 270 0
74 306 0
54 311 0
38 354 0
60 341 0
20 333 0
134 360 0
162 373 0
140 385 0
181 278 0
162 228 0
175 249 0
183 220 0
180 208 0
199 211 0
202 112 0
187 61 0
239 21 0
253 30 0
265 29 0
348 44 0
389 143 0
384 88 0
357 335 0
351 368 0
368 371 0
335 324 0
293 369 0
290 293 0
253 276 0
231 261 0
253 242 0
241 191 0
286 144 0
275 65 0
240 381 0
254 352 0
249 333 0
316 385 0
118 244 0
55 253 0
269 206 0
293 235 0
215 155 0
249 175 0
177 177 0
356 98 0
4 154 0
6 196 0
201 367 0
251 131 0
227 108 0
215 62 0
