16 108 0
35 181 0
18 220 0
129 114 0
142 174 0
134 271 0
155 277 0
265 49 0
268 16 0
164 64 0
33 28 0
54 5 0
92 15 0
86 42 0
101 47 0
56 61 0
69 31 0
215 180 0
221 196 0
53 388 0
170 296 0
36 219 0
32 149 0
265 184 1
266 217 1
309 238 1
268 248 1
316 223 1
359 99 1
383 7 1
163 351 0
8 158 0
49 192 0
37 271 0
56 246 0
80 269 0
103 220 0
121 223 0
110 197 0
174 144 0
198 129 0
213 114 0
150 20 0
12 59 0
5 87 0
9 314 0
8 368 0
24 376 0
164 382 0
207 248 0
250 99 0
135 144 0
99 147 0
54 95 0
38 114 0
55 144 0
62 169 0
114 339 0
124 365 0
159 326 0
192 61 0
173 41 0
171 9 0
222 10 0
235 32 0
213 75 0
109 79 0
101 98 0
140 74 0
130 31 0
117 7 0
56 353 0
7 275 0
12 256 0
237 136 0
284 353 1
182 312 0
195 199 0
242 78 0
83 126 0
123 386 0
231 379 1
234 352 1
243 312 1
296 329 1
290 378 1
295 305 1
275 279 1
304 265 1
295 201 1
321 174 1
297 151 1
316 125 1
316 80 1
356 71 1
377 35 1
314 51 1
336 29 1
353 12 1
203 389 1
341 108 1
116 328 0
