185 9 0
67 183 0
120 183 0
99 205 0
222 183 0
230 268 0
382 382 0
218 328 0
233 158 0
246 119 0
373 104 0
84 320 0
252 386 0
40 309 0
62 152 0
88 135 0
129 100 0
178 104 0
176 120 0
219 79 0
215 95 0
137 228 0
179 214 0
155 166 0
125 161 0
207 137 0
333 131 0
272 170 0
56 335 0
29 355 0
68 361 0
126 362 0
140 322 0
185 265 0
212 370 0
279 313 0
283 374 0
67 289 0
43 201 0
20 212 0
7 198 0
34 169 0
329 295 0
336 316 0
348 53 0
308 34 0
30 46 0
41 32 0
29 78 0
54 65 0
55 89 0
45 111 0
88 73 0
110 70 0
111 55 0
108 19 0
150 61 0
191 31 0
265 13 0
266 30 0
264 61 0
272 88 0
352 82 0
317 148 0
349 161 0
166 355 0
164 381 0
22 265 0
93 259 0
85 343 0
134 282 0
132 254 0
187 301 0
248 300 0
259 266 0
283 257 0
119 119 0
371 333 0
324 362 0
305 346 0
334 386 0
390 209 0
348 204 0
340 189 0
377 184 0
381 294 0
137 27 0
176 55 0
176 82 0
281 125 0
361 242 0
309 278 0
