9 117 0
25 139 0
40 173 0
27 191 0
27 224 0
29 261 0
139 37 0
161 12 0
144 81 0
134 156 0
135 129 0
187 126 0
268 185 0
261 211 0
170 240 0
156 214 0
178 183 0
303 214 0
301 253 0
255 300 0
380 286 0
373 254 0
378 214 0
333 73 0
386 96 0
389 117 0
351 371 0
326 384 0
384 386 0
259 390 0
284 385 0
225 371 0
225 344 0
207 313 0
93 8 0
249 168 0
6 277 0
294 313 0
376 323 0
50 19 0
50 33 0
82 56 0
89 106 0
89 131 0
148 112 0
208 68 0
228 68 0
226 35 0
212 16 0
261 48 0
277 66 0
268 87 0
251 101 0
301 117 0
307 94 0
335 124 0
321 136 0
349 147 0
335 169 0
335 199 0
330 216 0
349 228 0
373 192 0
363 52 0
375 25 0
327 24 0
9 59 0
92 160 0
109 190 0
127 205 0
91 272 0
123 245 0
133 260 0
128 298 0
108 334 0
126 359 0
146 336 0
155 308 0
175 329 0
65 384 0
91 384 0
177 370 0
157 389 0
246 333 0
276 342 0
305 341 0
294 369 0
323 300 0
345 262 0
56 205 0
79 229 0
209 198 0
201 164 0
246 136 0
347 335 0
366 310 0
381 358 0
177 292 0
203 276 0
231 244 0
240 206 0
13 302 0
60 300 0
22 328 0
25 354 0
6 22 0
57 68 0
129 11 0
192 98 0
63 151 0
364 96 0
92 304 0
234 191 0
282 281 0
229 280 0
113 69 0
