133 355 0
273 390 0
23 250 0
145 255 0
125 313 0
156 308 0
104 365 0
20 370 0
60 373 0
155 361 0
232 247 0
220 280 0
213 300 0
320 280 0
304 339 0
275 354 0
324 365 0
356 343 0
356 225 0
353 250 0
375 189 0
6 291 0
23 330 0
11 53 1
57 88 1
74 112 1
117 121 1
148 99 1
164 112 1
188 121 1
212 133 1
235 129 1
253 108 1
268 71 1
283 76 1
268 124 1
286 148 1
350 162 1
367 141 1
379 125 1
359 28 1
334 9 1
52 194 0
101 201 0
50 250 0
305 228 0
144 177 0
390 299 0
42 80 1
330 201 0
325 212 0
244 317 0
363 377 0
383 204 0
169 386 0
212 390 0
216 345 0
78 388 0
41 391 0
107 253 0
127 240 0
386 357 0
14 12 1
8 5 1
45 20 1
24 205 0
40 141 0
53 159 0
199 188 0
186 208 0
130 210 0
101 229 0
93 304 0
68 349 0
186 343 0
387 269 0
186 261 0
75 211 0
28 67 1
380 66 1
328 161 1
389 96 1
