75 144 1
119 105 1
120 183 1
88 317 1
59 328 1
17 358 1
88 358 1
91 339 1
117 356 1
129 341 1
241 378 1
254 291 1
374 234 1
367 163 1
361 120 1
292 89 1
264 90 1
236 92 1
221 42 1
182 75 1
154 40 1
187 16 1
268 155 1
229 306 1
87 178 1
262 387 1
148 198 1
144 226 1
157 244 1
170 288 1
139 271 1
89 247 1
21 341 1
106 381 1
387 137 1
44 347 1
41 361 1
35 380 1
29 391 1
67 370 1
62 389 1
105 267 1
112 286 1
120 299 1
111 321 1
72 214 1
15 157 1
36 127 1
66 100 1
97 112 1
108 126 1
98 153 1
139 147 1
165 166 1
173 381 1
247 338 1
284 319 1
276 276 1
301 256 1
324 242 1
350 236 1
340 147 1
317 155 1
296 169 1
300 118 1
256 119 1
253 59 1
214 90 1
190 44 1
87 20 1
24 29 1
235 15 1
275 364 1
153 322 1
55 137 1
205 69 1
238 246 0
100 206 1
104 226 1
124 249 1
180 238 1
59 225 1
149 95 0
184 138 0
